2024-5-20 0:2:25  2024,05,20,00,01,59,121.209678,25.053567,7.293,16580,1.700,2.970,5.611,27.375,60.000,0.339,0.225,Node5,0,0
2024-5-20 0:2:59  2024,05,20,00,02,36,121.209678,25.053567,7.293,16581,1.620,2.979,5.621,27.375,60.000,0.338,0.225,Node5,0,0
2024-5-20 0:3:36  2024,05,20,00,03,14,121.209678,25.053567,7.293,16582,1.754,3.002,5.646,27.375,60.000,0.338,0.225,Node5,0,0
2024-5-20 0:4:13  2024,05,20,00,03,52,121.209678,25.053567,7.293,16583,1.600,3.017,5.662,27.375,60.000,0.339,0.225,Node5,0,0
2024-5-20 0:4:52  2024,05,20,00,04,29,121.209678,25.053567,7.293,16584,2.113,3.029,5.714,27.375,60.000,0.339,0.225,Node5,0,0
2024-5-20 0:5:46  2024,05,20,00,05,25,121.209678,25.053567,7.293,16585,1.777,3.072,5.770,27.375,60.000,0.339,0.225,Node5,0,0
2024-5-20 0:7:28  2024,05,20,00,06,20,121.209678,25.053567,7.293,16586,1.685,3.125,5.878,27.375,60.000,0.340,0.225,Node5,0,0
2024-5-20 0:8:5  2024,05,20,00,07,40,121.209678,25.053567,7.293,16587,1.693,3.157,5.922,27.375,60.000,0.340,0.225,Node5,0,0
2024-5-20 0:8:37  2024,05,20,00,08,17,121.209678,25.053567,7.293,16588,1.884,3.115,5.860,27.375,60.000,0.341,0.225,Node5,0,0
2024-5-20 0:9:29  2024,05,20,00,09,06,121.209678,25.053567,7.293,16589,1.771,3.170,5.929,27.375,60.000,0.341,0.225,Node5,0,0
2024-5-20 0:10:20  2024,05,20,00,10,01,121.209678,25.053567,7.293,16590,1.194,3.128,5.867,27.375,60.000,0.341,0.225,Node5,0,0
2024-5-20 0:11:22  2024,05,20,00,10,56,121.209678,25.053567,7.293,16591,1.031,3.162,5.914,27.375,59.900,0.341,0.225,Node5,0,0
2024-5-20 0:12:15  2024,05,20,00,11,52,121.209678,25.053567,7.293,16592,1.422,3.145,5.895,27.375,59.900,0.341,0.225,Node5,0,0
2024-5-20 0:13:9  2024,05,20,00,12,47,121.209678,25.053567,7.293,16593,2.116,3.199,5.973,27.375,59.900,0.341,0.225,Node5,0,0
2024-5-20 0:14:5  2024,05,20,00,13,42,121.209678,25.053567,7.293,16594,1.590,3.239,6.035,27.375,59.900,0.341,0.224,Node5,0,0
2024-5-20 0:15:1  2024,05,20,00,14,37,121.209678,25.053567,7.293,16595,1.471,3.204,5.996,27.375,59.900,0.341,0.224,Node5,0,0
2024-5-20 0:15:56  2024,05,20,00,15,33,121.209678,25.053567,7.293,16596,1.855,3.195,6.391,27.375,59.900,0.341,0.224,Node5,0,0
2024-5-20 0:16:51  2024,05,20,00,16,28,121.209678,25.053567,7.293,16597,1.375,3.199,5.062,27.375,59.900,0.341,0.224,Node5,0,0
2024-5-20 0:17:46  2024,05,20,00,17,23,121.209678,25.053567,7.293,16598,1.415,3.220,5.095,27.375,60.000,0.342,0.224,Node5,0,0
2024-5-20 0:18:42  2024,05,20,00,18,19,121.209678,25.053567,7.293,16599,1.746,3.159,4.860,27.375,59.900,0.341,0.224,Node5,0,0
2024-5-20 0:19:37  2024,05,20,00,19,14,121.209678,25.053567,7.293,16600,2.211,3.136,4.825,27.375,59.900,0.341,0.224,Node5,0,0
2024-5-20 0:20:32  2024,05,20,00,20,09,121.209678,25.053567,7.293,16601,1.563,3.248,5.016,27.375,59.900,0.342,0.224,Node5,0,0
2024-5-20 0:21:28  2024,05,20,00,21,04,121.209678,25.053567,7.293,16602,1.089,3.204,4.958,27.375,59.900,0.342,0.224,Node5,0,0
2024-5-20 0:22:22  2024,05,20,00,22,00,121.209678,25.053567,7.293,16603,2.405,3.107,4.796,27.375,59.800,0.342,0.224,Node5,0,0
2024-5-20 0:23:18  2024,05,20,00,22,55,121.209678,25.053567,7.293,16604,1.409,3.134,4.823,27.375,59.900,0.342,0.224,Node5,0,0
2024-5-20 0:24:13  2024,05,20,00,23,50,121.209678,25.053567,7.293,16605,1.274,3.130,4.820,27.375,59.900,0.342,0.224,Node5,0,0
2024-5-20 0:25:8  2024,05,20,00,24,46,121.209678,25.053567,7.293,16606,1.608,3.109,4.837,27.375,59.900,0.342,0.224,Node5,0,0
2024-5-20 0:26:4  2024,05,20,00,25,41,121.209678,25.053567,7.293,16607,1.920,3.067,4.739,27.375,59.900,0.342,0.224,Node5,0,0
2024-5-20 0:26:58  2024,05,20,00,26,36,121.209678,25.053567,7.293,16608,1.677,3.091,4.764,27.375,59.900,0.341,0.224,Node5,0,0
2024-5-20 0:27:51  2024,05,20,00,27,32,121.209678,25.053567,7.293,16609,1.519,3.115,4.791,27.375,59.900,0.341,0.224,Node5,0,0
2024-5-20 0:28:50  2024,05,20,00,28,27,121.209678,25.053567,7.293,16610,1.494,3.063,4.570,27.375,59.900,0.341,0.224,Node5,0,0
2024-5-20 0:29:45  2024,05,20,00,29,22,121.209678,25.053567,7.293,16611,2.076,3.089,4.609,27.375,60.000,0.341,0.224,Node5,0,0
2024-5-20 0:30:41  2024,05,20,00,30,17,121.209678,25.053567,7.293,16612,1.596,3.035,4.384,27.375,60.000,0.341,0.224,Node5,0,0
2024-5-20 0:31:32  2024,05,20,00,31,13,121.209678,25.053567,7.293,16613,2.093,2.999,4.335,27.375,60.000,0.341,0.224,Node5,0,0
2024-5-20 0:32:30  2024,05,20,00,32,08,121.209678,25.053567,7.293,16614,1.441,3.018,4.356,27.375,60.000,0.341,0.223,Node5,0,0
2024-5-20 0:33:23  2024,05,20,00,33,03,121.209678,25.053567,7.293,16615,1.285,2.963,4.131,27.375,60.000,0.341,0.223,Node5,0,0
2024-5-20 0:34:22  2024,05,20,00,33,59,121.209678,25.053567,7.293,16616,1.209,2.936,4.103,27.375,60.000,0.341,0.223,Node5,0,0
2024-5-20 0:35:13  2024,05,20,00,34,54,121.209678,25.053567,7.293,16617,1.370,2.923,4.090,27.375,60.000,0.340,0.223,Node5,0,0
2024-5-20 0:36:12  2024,05,20,00,35,49,121.209678,25.053567,7.293,16618,1.685,2.956,4.135,27.375,60.000,0.340,0.223,Node5,0,0
2024-5-20 0:37:7  2024,05,20,00,36,44,121.209678,25.053567,7.293,16619,1.684,2.950,4.129,27.375,60.000,0.340,0.223,Node5,0,0
2024-5-20 0:38:3  2024,05,20,00,37,40,121.209678,25.053567,7.293,16620,1.330,2.922,4.098,27.375,60.000,0.341,0.222,Node5,0,0
2024-5-20 0:38:57  2024,05,20,00,38,35,121.209678,25.053567,7.293,16621,1.779,2.919,4.095,27.375,60.000,0.342,0.222,Node5,0,0
2024-5-20 0:39:52  2024,05,20,00,39,30,121.209678,25.053567,7.293,16622,1.659,2.881,4.001,27.375,60.000,0.342,0.222,Node5,0,0
2024-5-20 0:40:45  2024,05,20,00,40,26,121.209678,25.053567,7.293,16623,1.343,2.887,4.008,27.375,60.000,0.342,0.222,Node5,0,0
2024-5-20 0:41:44  2024,05,20,00,41,21,121.209678,25.053567,7.293,16624,1.951,2.909,4.043,27.375,60.000,0.342,0.221,Node5,0,0
2024-5-20 0:42:38  2024,05,20,00,42,16,121.209678,25.053567,7.293,16625,1.730,2.939,4.075,27.375,60.000,0.342,0.221,Node5,0,0
2024-5-20 0:43:34  2024,05,20,00,43,11,121.209678,25.053567,7.293,16626,1.361,2.914,4.038,27.375,60.000,0.343,0.221,Node5,0,0
2024-5-20 0:44:28  2024,05,20,00,44,07,121.209678,25.053567,7.293,16627,1.745,2.859,3.968,27.375,60.000,0.343,0.221,Node5,0,0
2024-5-20 0:45:24  2024,05,20,00,45,02,121.209678,25.053567,7.293,16628,1.377,2.861,3.971,27.375,60.000,0.343,0.220,Node5,0,0
2024-5-20 0:46:20  2024,05,20,00,45,57,121.209678,25.053567,7.293,16629,1.793,2.842,3.950,27.375,60.000,0.343,0.220,Node5,0,0
2024-5-20 0:47:16  2024,05,20,00,46,53,121.209678,25.053567,7.293,16630,1.417,2.823,3.929,27.375,60.000,0.343,0.220,Node5,0,0
2024-5-20 0:48:11  2024,05,20,00,47,48,121.209678,25.053567,7.293,16631,1.798,2.773,3.712,27.375,60.000,0.343,0.220,Node5,0,0
2024-5-20 0:49:6  2024,05,20,00,48,43,121.209678,25.053567,7.293,16632,1.553,2.775,3.714,27.375,60.000,0.343,0.219,Node5,0,0
2024-5-20 0:50:0  2024,05,20,00,49,39,121.209678,25.053567,7.293,16633,1.509,2.739,3.624,27.375,60.000,0.343,0.219,Node5,0,0
2024-5-20 0:50:57  2024,05,20,00,50,34,121.209678,25.053567,7.293,16634,2.224,2.697,3.569,27.375,60.000,0.343,0.218,Node5,0,0
2024-5-20 0:51:49  2024,05,20,00,51,29,121.209678,25.053567,7.293,16635,1.336,2.765,3.695,27.375,60.000,0.343,0.218,Node5,0,0
2024-5-20 0:52:44  2024,05,20,00,52,24,121.209678,25.053567,7.293,16636,2.168,2.803,3.792,27.375,60.000,0.343,0.217,Node5,0,0
2024-5-20 0:53:43  2024,05,20,00,53,20,121.209678,25.053567,7.293,16637,1.168,2.796,3.783,27.375,60.000,0.343,0.217,Node5,0,0
2024-5-20 0:54:38  2024,05,20,00,54,15,121.209678,25.053567,7.293,16638,1.443,2.756,3.730,27.375,60.000,0.343,0.216,Node5,0,0
2024-5-20 0:55:33  2024,05,20,00,55,10,121.209678,25.053567,7.293,16639,1.286,2.794,3.783,27.375,60.000,0.342,0.216,Node5,0,0
2024-5-20 0:56:25  2024,05,20,00,56,06,121.209678,25.053567,7.293,16640,1.781,2.811,3.813,27.375,60.000,0.343,0.216,Node5,0,0
2024-5-20 0:57:24  2024,05,20,00,57,01,121.209678,25.053567,7.293,16641,2.023,2.840,3.899,27.375,60.000,0.343,0.215,Node5,0,0
2024-5-20 0:58:19  2024,05,20,00,57,56,121.209678,25.053567,7.293,16642,1.340,2.840,3.897,27.375,60.000,0.343,0.214,Node5,0,0
2024-5-20 0:59:11  2024,05,20,00,58,51,121.209678,25.053567,7.293,16643,1.531,2.827,3.883,27.375,60.000,0.343,0.214,Node5,0,0
2024-5-20 1:0:10  2024,05,20,00,59,47,121.209678,25.053567,7.293,16644,1.617,2.820,3.838,27.375,60.000,0.344,0.213,Node5,0,0
2024-5-20 1:1:4  2024,05,20,01,00,42,121.209678,25.053567,7.293,16645,1.489,2.783,3.790,27.375,60.000,0.343,0.213,Node5,0,0
2024-5-20 1:2:0  2024,05,20,01,01,37,121.209678,25.053567,7.293,16646,1.150,2.767,3.774,27.375,60.000,0.343,0.212,Node5,0,0
2024-5-20 1:2:56  2024,05,20,01,02,33,121.209678,25.053567,7.293,16647,1.614,2.730,3.725,27.375,60.000,0.343,0.212,Node5,0,0
2024-5-20 1:3:51  2024,05,20,01,03,28,121.209678,25.053567,7.293,16648,1.283,2.727,3.721,27.375,60.000,0.342,0.212,Node5,0,0
2024-5-20 1:4:46  2024,05,20,01,04,23,121.209678,25.053567,7.293,16649,1.563,2.700,3.692,27.375,60.000,0.343,0.211,Node5,0,0
2024-5-20 1:5:41  2024,05,20,01,05,18,121.209678,25.053567,7.293,16650,1.565,2.734,3.740,27.375,59.900,0.343,0.211,Node5,0,0
2024-5-20 1:6:37  2024,05,20,01,06,14,121.209678,25.053567,7.293,16651,1.570,2.688,3.669,27.375,59.900,0.344,0.211,Node5,0,0
2024-5-20 1:7:33  2024,05,20,01,07,09,121.209678,25.053567,7.293,16652,1.656,2.725,3.718,27.375,59.900,0.343,0.211,Node5,0,0
2024-5-20 1:8:26  2024,05,20,01,08,04,121.209678,25.053567,7.293,16653,1.414,2.677,3.646,27.375,59.900,0.343,0.210,Node5,0,0
2024-5-20 1:9:22  2024,05,20,01,09,00,121.209678,25.053567,7.293,16654,1.189,2.608,3.553,27.375,59.900,0.343,0.210,Node5,0,0
2024-5-20 1:10:18  2024,05,20,01,09,55,121.209678,25.053567,7.293,16655,1.362,2.643,3.752,27.375,59.900,0.343,0.210,Node5,0,0
2024-5-20 1:11:10  2024,05,20,01,10,50,121.209678,25.053567,7.293,16656,1.446,2.610,3.303,27.375,59.900,0.344,0.209,Node5,0,0
2024-5-20 1:12:9  2024,05,20,01,11,45,121.209678,25.053567,7.293,16657,1.250,2.601,3.294,27.375,59.900,0.344,0.209,Node5,0,0
2024-5-20 1:13:0  2024,05,20,01,12,41,121.209678,25.053567,7.293,16658,1.188,2.573,3.254,27.375,59.800,0.344,0.209,Node5,0,0
2024-5-20 1:13:59  2024,05,20,01,13,36,121.209678,25.053567,7.293,16659,1.173,2.569,3.250,27.375,59.800,0.344,0.208,Node5,0,0
2024-5-20 1:14:51  2024,05,20,01,14,31,121.209678,25.053567,7.293,16660,1.191,2.558,3.238,27.375,59.800,0.344,0.208,Node5,0,0
2024-5-20 1:15:50  2024,05,20,01,15,27,121.209678,25.053567,7.293,16661,0.905,2.427,3.027,27.375,59.800,0.343,0.208,Node5,0,0
2024-5-20 1:16:45  2024,05,20,01,16,22,121.209678,25.053567,7.293,16662,1.387,2.411,3.011,27.375,59.800,0.344,0.208,Node5,0,0
2024-5-20 1:17:37  2024,05,20,01,17,17,121.209678,25.053567,7.293,16663,1.234,2.442,3.053,27.375,59.800,0.344,0.207,Node5,0,0
2024-5-20 1:18:35  2024,05,20,01,18,13,121.209678,25.053567,7.293,16664,1.233,2.412,3.023,27.375,59.800,0.344,0.207,Node5,0,0
2024-5-20 1:19:31  2024,05,20,01,19,08,121.209678,25.053567,7.293,16665,1.144,2.410,3.020,27.375,59.900,0.344,0.207,Node5,0,0
2024-5-20 1:20:26  2024,05,20,01,20,03,121.209678,25.053567,7.293,16666,1.495,2.378,2.935,27.375,59.900,0.344,0.206,Node5,0,0
2024-5-20 1:21:22  2024,05,20,01,20,58,121.209678,25.053567,7.293,16667,1.125,2.362,2.917,27.375,59.900,0.344,0.206,Node5,0,0
2024-5-20 1:22:15  2024,05,20,01,21,54,121.209678,25.053567,7.293,16668,1.301,2.334,2.887,27.375,59.900,0.344,0.206,Node5,0,0
2024-5-20 1:23:12  2024,05,20,01,22,49,121.209678,25.053567,7.293,16669,2.113,2.320,2.873,27.375,59.900,0.344,0.206,Node5,0,0
2024-5-20 1:24:7  2024,05,20,01,23,44,121.209678,25.053567,7.293,16670,1.740,2.364,2.929,27.375,59.900,0.345,0.205,Node5,0,0
2024-5-20 1:25:1  2024,05,20,01,24,40,121.209678,25.053567,7.293,16671,1.132,2.340,2.892,27.375,59.900,0.345,0.205,Node5,0,0
2024-5-20 1:25:58  2024,05,20,01,25,35,121.209678,25.053567,7.293,16672,1.645,2.327,3.663,27.375,59.900,0.344,0.205,Node5,0,0
2024-5-20 1:26:53  2024,05,20,01,26,30,121.209678,25.053567,7.293,16673,1.779,2.407,3.947,27.375,59.900,0.344,0.205,Node5,0,0
2024-5-20 1:27:49  2024,05,20,01,27,25,121.209678,25.053567,7.293,16674,1.242,2.420,3.971,27.375,59.800,0.345,0.205,Node5,0,0
2024-5-20 1:28:44  2024,05,20,01,28,21,121.209678,25.053567,7.293,16675,1.397,2.416,3.967,27.375,59.800,0.346,0.205,Node5,0,0
2024-5-20 1:29:39  2024,05,20,01,29,16,121.209678,25.053567,7.293,16676,1.483,2.418,3.969,27.375,59.800,0.346,0.204,Node5,0,0
2024-5-20 1:30:31  2024,05,20,01,30,11,121.209678,25.053567,7.293,16677,1.422,2.438,3.990,27.375,59.800,0.346,0.204,Node5,0,0
2024-5-20 1:31:31  2024,05,20,01,31,07,121.209678,25.053567,7.293,16678,1.472,2.432,3.984,27.375,59.800,0.346,0.204,Node5,0,0
2024-5-20 1:32:25  2024,05,20,01,32,02,121.209678,25.053567,7.293,16679,1.309,2.429,3.981,27.375,59.800,0.346,0.203,Node5,0,0
2024-5-20 1:33:19  2024,05,20,01,32,57,121.209678,25.053567,7.293,16680,1.365,2.423,3.975,27.375,59.800,0.345,0.203,Node5,0,0
2024-5-20 1:34:12  2024,05,20,01,33,52,121.209678,25.053567,7.293,16681,1.537,2.424,3.976,27.375,59.800,0.344,0.203,Node5,0,0
2024-5-20 1:35:7  2024,05,20,01,34,48,121.209678,25.053567,7.293,16682,1.828,2.419,3.971,27.375,59.800,0.344,0.203,Node5,0,0
2024-5-20 1:36:5  2024,05,20,01,35,43,121.209678,25.053567,7.293,16683,1.269,2.447,4.011,27.375,59.800,0.344,0.203,Node5,0,0
2024-5-20 1:37:1  2024,05,20,01,36,38,121.209678,25.053567,7.293,16684,1.554,2.416,3.967,27.375,59.800,0.344,0.203,Node5,0,0
2024-5-20 1:37:53  2024,05,20,01,37,34,121.209678,25.053567,7.293,16685,1.182,2.395,3.944,27.375,59.800,0.344,0.202,Node5,0,0
2024-5-20 1:38:52  2024,05,20,01,38,29,121.209678,25.053567,7.293,16686,1.359,2.394,3.953,27.375,59.800,0.344,0.202,Node5,0,0
2024-5-20 1:39:44  2024,05,20,01,39,24,121.209678,25.053567,7.293,16687,0.703,2.394,3.954,27.375,59.700,0.343,0.202,Node5,0,0
2024-5-20 1:40:42  2024,05,20,01,40,20,121.209678,25.053567,7.293,16688,1.388,2.376,3.935,27.375,59.800,0.344,0.202,Node5,0,0
2024-5-20 1:41:34  2024,05,20,01,41,15,121.209678,25.053567,7.293,16689,1.437,2.389,3.950,27.375,59.800,0.343,0.201,Node5,0,0
2024-5-20 1:42:33  2024,05,20,01,42,10,121.209678,25.053567,7.293,16690,1.350,2.382,3.943,27.375,59.800,0.344,0.201,Node5,0,0
2024-5-20 1:43:25  2024,05,20,01,43,05,121.209678,25.053567,7.293,16691,1.457,2.379,3.940,27.375,59.800,0.344,0.200,Node5,0,0
2024-5-20 1:44:24  2024,05,20,01,44,01,121.209678,25.053567,7.293,16692,1.298,2.372,3.934,27.375,59.800,0.344,0.200,Node5,0,0
2024-5-20 1:45:18  2024,05,20,01,44,56,121.209678,25.053567,7.293,16693,1.301,2.362,3.923,27.375,59.800,0.344,0.199,Node5,0,0
2024-5-20 1:46:14  2024,05,20,01,45,51,121.209678,25.053567,7.293,16694,1.273,2.370,3.933,27.375,59.800,0.345,0.199,Node5,0,0
2024-5-20 1:47:6  2024,05,20,01,46,47,121.209678,25.053567,7.293,16695,1.734,2.300,3.804,27.375,59.800,0.345,0.199,Node5,0,0
2024-5-20 1:48:5  2024,05,20,01,47,42,121.209678,25.053567,7.293,16696,1.426,2.278,3.726,27.375,59.800,0.345,0.199,Node5,0,0
2024-5-20 1:49:0  2024,05,20,01,48,37,121.209678,25.053567,7.293,16697,1.457,2.247,3.693,27.375,59.800,0.346,0.199,Node5,0,0
2024-5-20 1:49:52  2024,05,20,01,49,32,121.209678,25.053567,7.293,16698,1.454,2.252,3.698,27.375,59.800,0.345,0.198,Node5,0,0
2024-5-20 1:50:51  2024,05,20,01,50,28,121.209678,25.053567,7.293,16699,1.673,2.221,3.653,27.375,59.800,0.345,0.198,Node5,0,0
2024-5-20 1:51:46  2024,05,20,01,51,23,121.209678,25.053567,7.293,16700,1.680,2.293,3.778,27.375,59.800,0.345,0.198,Node5,0,0
2024-5-20 1:52:40  2024,05,20,01,52,18,121.209678,25.053567,7.293,16701,1.516,2.283,3.715,27.375,59.800,0.345,0.197,Node5,0,0
2024-5-20 1:53:37  2024,05,20,01,53,14,121.209678,25.053567,7.293,16702,1.141,2.270,3.702,27.375,59.800,0.345,0.197,Node5,0,0
2024-5-20 1:54:32  2024,05,20,01,54,09,121.209678,25.053567,7.293,16703,1.435,2.266,3.699,27.375,59.800,0.345,0.197,Node5,0,0
2024-5-20 1:55:24  2024,05,20,01,55,04,121.209678,25.053567,7.293,16704,1.069,2.230,3.649,27.375,59.800,0.344,0.197,Node5,0,0
2024-5-20 1:56:26  2024,05,20,01,55,59,121.209678,25.053567,7.293,16705,1.252,2.212,3.629,27.375,59.800,0.344,0.196,Node5,0,0
2024-5-20 1:57:16  2024,05,20,01,56,55,121.209678,25.053567,7.293,16706,1.240,2.190,3.563,27.375,59.800,0.344,0.196,Node5,0,0
2024-5-20 1:58:17  2024,05,20,01,57,50,121.209678,25.053567,7.293,16707,1.125,2.192,3.565,27.375,59.800,0.343,0.196,Node5,0,0
2024-5-20 1:59:12  2024,05,20,01,58,45,121.209678,25.053567,7.293,16708,1.411,2.209,3.994,27.375,59.800,0.344,0.196,Node5,0,0
2024-5-20 2:0:7  2024,05,20,01,59,41,121.209678,25.053567,7.293,16709,1.210,2.184,3.957,27.375,59.800,0.344,0.195,Node5,0,0
2024-5-20 2:1:1  2024,05,20,02,00,36,121.209678,25.053567,7.293,16710,1.170,2.139,3.899,27.375,59.800,0.344,0.195,Node5,0,0
2024-5-20 2:1:56  2024,05,20,02,01,31,121.209678,25.053567,7.293,16711,1.078,2.170,4.085,27.375,59.800,0.344,0.195,Node5,0,0
2024-5-20 2:2:52  2024,05,20,02,02,27,121.209678,25.053567,7.293,16712,1.274,2.133,4.037,27.375,59.800,0.344,0.194,Node5,0,0
2024-5-20 2:3:46  2024,05,20,02,03,22,121.209678,25.053567,7.293,16713,1.443,2.132,4.038,27.375,59.900,0.344,0.194,Node5,0,0
2024-5-20 2:4:42  2024,05,20,02,04,17,121.209678,25.053567,7.293,16714,1.413,2.141,4.047,27.375,59.900,0.344,0.194,Node5,0,0
2024-5-20 2:5:37  2024,05,20,02,05,12,121.209678,25.053567,7.293,16715,1.434,2.115,3.860,27.375,59.900,0.345,0.194,Node5,0,0
2024-5-20 2:6:32  2024,05,20,02,06,08,121.209678,25.053567,7.293,16716,1.335,2.142,3.898,27.375,59.900,0.344,0.193,Node5,0,0
2024-5-20 2:7:27  2024,05,20,02,07,03,121.209678,25.053567,7.293,16717,1.191,2.125,3.871,27.375,59.900,0.344,0.193,Node5,0,0
2024-5-20 2:8:22  2024,05,20,02,07,58,121.209678,25.053567,7.293,16718,1.158,2.158,3.949,27.375,59.900,0.344,0.193,Node5,0,0
2024-5-20 2:9:16  2024,05,20,02,08,54,121.209678,25.053567,7.293,16719,1.009,2.158,3.950,27.375,59.900,0.343,0.192,Node5,0,0
2024-5-20 2:10:8  2024,05,20,02,09,49,121.209678,25.053567,7.293,16720,1.390,2.155,3.947,27.375,59.900,0.344,0.192,Node5,0,0
2024-5-20 2:11:7  2024,05,20,02,10,44,121.209678,25.053567,7.293,16721,0.910,2.165,3.957,27.375,59.900,0.343,0.192,Node5,0,0
2024-5-20 2:12:2  2024,05,20,02,11,39,121.209678,25.053567,7.293,16722,1.118,2.188,3.990,27.375,60.000,0.343,0.192,Node5,0,0
2024-5-20 2:12:58  2024,05,20,02,12,35,121.209678,25.053567,7.293,16723,1.316,2.169,3.961,27.375,60.000,0.344,0.191,Node5,0,0
2024-5-20 2:13:53  2024,05,20,02,13,30,121.209678,25.053567,7.293,16724,1.016,2.198,4.034,27.375,60.000,0.344,0.191,Node5,0,0
2024-5-20 2:14:47  2024,05,20,02,14,25,121.209678,25.053567,7.293,16725,1.431,2.194,4.030,27.375,60.000,0.345,0.191,Node5,0,0
2024-5-20 2:15:42  2024,05,20,02,15,21,121.209678,25.053567,7.293,16726,1.012,2.223,4.069,27.375,60.000,0.345,0.191,Node5,0,0
2024-5-20 2:16:39  2024,05,20,02,16,16,121.209678,25.053567,7.293,16727,1.136,2.210,4.056,27.375,60.000,0.345,0.190,Node5,0,0
2024-5-20 2:17:34  2024,05,20,02,17,11,121.209678,25.053567,7.293,16728,1.035,2.253,4.472,27.375,60.000,0.345,0.190,Node5,0,0
2024-5-20 2:18:29  2024,05,20,02,18,06,121.209678,25.053567,7.293,16729,1.321,2.243,4.462,27.375,60.000,0.345,0.190,Node5,0,0
2024-5-20 2:19:25  2024,05,20,02,19,02,121.209678,25.053567,7.293,16730,1.383,2.198,4.405,27.375,60.000,0.344,0.189,Node5,0,0
2024-5-20 2:20:20  2024,05,20,02,19,57,121.209678,25.053567,7.293,16731,1.470,2.200,4.407,27.375,60.000,0.344,0.189,Node5,0,0
2024-5-20 2:21:13  2024,05,20,02,20,52,121.209678,25.053567,7.293,16732,1.561,2.179,3.601,27.375,60.000,0.345,0.189,Node5,0,0
2024-5-20 2:22:10  2024,05,20,02,21,48,121.209678,25.053567,7.293,16733,0.964,2.099,3.317,27.375,60.100,0.346,0.189,Node5,0,0
2024-5-20 2:23:6  2024,05,20,02,22,43,121.209678,25.053567,7.293,16734,1.391,2.047,3.252,27.375,60.100,0.345,0.189,Node5,0,0
2024-5-20 2:24:1  2024,05,20,02,23,38,121.209678,25.053567,7.293,16735,1.616,2.050,3.255,27.375,60.100,0.344,0.188,Node5,0,0
2024-5-20 2:24:57  2024,05,20,02,24,34,121.209678,25.053567,7.293,16736,1.353,2.056,3.261,27.375,60.100,0.345,0.188,Node5,0,0
2024-5-20 2:25:48  2024,05,20,02,25,29,121.209678,25.053567,7.293,16737,1.257,2.039,3.242,27.375,60.100,0.345,0.188,Node5,0,0
2024-5-20 2:26:46  2024,05,20,02,26,24,121.209678,25.053567,7.293,16738,1.297,2.058,3.299,27.375,60.200,0.345,0.188,Node5,0,0
2024-5-20 2:27:42  2024,05,20,02,27,19,121.209678,25.053567,7.293,16739,1.469,2.055,3.296,27.375,60.200,0.345,0.189,Node5,0,0
2024-5-20 2:28:38  2024,05,20,02,28,15,121.209678,25.053567,7.293,16740,0.979,2.061,3.302,27.375,60.200,0.345,0.189,Node5,0,0
2024-5-20 2:29:33  2024,05,20,02,29,10,121.209678,25.053567,7.293,16741,1.656,2.054,3.295,27.375,60.300,0.346,0.189,Node5,0,0
2024-5-20 2:30:27  2024,05,20,02,30,05,121.209678,25.053567,7.293,16742,1.260,2.087,3.340,27.375,60.300,0.346,0.189,Node5,0,0
2024-5-20 2:31:22  2024,05,20,02,31,01,121.209678,25.053567,7.293,16743,1.569,2.048,3.288,27.375,60.400,0.346,0.189,Node5,0,0
2024-5-20 2:32:19  2024,05,20,02,31,56,121.209678,25.053567,7.293,16744,1.561,2.054,3.294,27.375,60.400,0.346,0.189,Node5,0,0
2024-5-20 2:33:14  2024,05,20,02,32,51,121.209678,25.053567,7.293,16745,1.499,2.052,3.292,27.375,60.500,0.347,0.189,Node5,0,0
2024-5-20 2:34:10  2024,05,20,02,33,46,121.209678,25.053567,7.293,16746,1.563,2.039,3.267,27.375,60.600,0.347,0.190,Node5,0,0
2024-5-20 2:35:5  2024,05,20,02,34,42,121.209678,25.053567,7.293,16747,1.790,2.041,3.269,27.375,60.600,0.347,0.190,Node5,0,0
2024-5-20 2:36:0  2024,05,20,02,35,37,121.209678,25.053567,7.293,16748,1.955,2.060,3.288,27.375,60.600,0.348,0.190,Node5,0,0
2024-5-20 2:36:52  2024,05,20,02,36,32,121.209678,25.053567,7.293,16749,1.309,2.099,3.338,27.375,60.600,0.347,0.191,Node5,0,0
2024-5-20 2:37:47  2024,05,20,02,37,28,121.209678,25.053567,7.293,16750,1.667,2.096,3.336,27.375,60.700,0.346,0.191,Node5,0,0
2024-5-20 2:38:42  2024,05,20,02,38,23,121.209678,25.053567,7.293,16751,1.231,2.133,3.385,27.375,60.800,0.346,0.191,Node5,0,0
2024-5-20 2:39:42  2024,05,20,02,39,18,121.209678,25.053567,7.293,16752,1.267,2.134,3.386,27.375,60.800,0.345,0.192,Node5,0,0
2024-5-20 2:40:33  2024,05,20,02,40,13,121.209678,25.053567,7.293,16753,1.901,2.133,3.386,27.375,60.800,0.345,0.192,Node5,0,0
2024-5-20 2:41:32  2024,05,20,02,41,09,121.209678,25.053567,7.293,16754,1.729,2.196,3.508,27.375,60.800,0.345,0.193,Node5,0,0
2024-5-20 2:42:27  2024,05,20,02,42,04,121.209678,25.053567,7.293,16755,1.344,2.204,3.516,27.375,60.800,0.345,0.193,Node5,0,0
2024-5-20 2:43:22  2024,05,20,02,42,59,121.209678,25.053567,7.293,16756,1.416,2.181,3.490,27.375,60.800,0.346,0.194,Node5,0,0
2024-5-20 2:44:18  2024,05,20,02,43,55,121.209678,25.053567,7.293,16757,0.982,2.189,3.499,27.375,60.800,0.345,0.194,Node5,0,0
2024-5-20 2:45:12  2024,05,20,02,44,50,121.209678,25.053567,7.293,16758,1.377,2.181,3.491,27.375,60.800,0.345,0.194,Node5,0,0
2024-5-20 2:46:8  2024,05,20,02,45,45,121.209678,25.053567,7.293,16759,1.502,2.197,3.914,27.375,60.800,0.346,0.195,Node5,0,0
2024-5-20 2:47:4  2024,05,20,02,46,41,121.209678,25.053567,7.293,16760,1.639,2.101,3.752,27.375,60.800,0.346,0.195,Node5,0,0
2024-5-20 2:47:59  2024,05,20,02,47,36,121.209678,25.053567,7.293,16761,1.780,2.063,3.709,27.375,60.900,0.346,0.196,Node5,0,0
2024-5-20 2:48:51  2024,05,20,02,48,31,121.209678,25.053567,7.293,16762,1.709,2.084,3.731,27.375,60.900,0.346,0.197,Node5,0,0
2024-5-20 2:49:46  2024,05,20,02,49,26,121.209678,25.053567,7.293,16763,1.593,2.192,3.910,27.375,61.000,0.346,0.197,Node5,0,0
2024-5-20 2:50:45  2024,05,20,02,50,22,121.209678,25.053567,7.293,16764,1.317,2.195,3.914,27.375,61.000,0.346,0.197,Node5,0,0
2024-5-20 2:51:36  2024,05,20,02,51,17,121.209678,25.053567,7.293,16765,1.675,2.206,3.926,27.375,61.100,0.346,0.198,Node5,0,0
2024-5-20 2:52:35  2024,05,20,02,52,12,121.209678,25.053567,7.293,16766,1.743,2.202,3.912,27.375,61.100,0.346,0.198,Node5,0,0
2024-5-20 2:53:30  2024,05,20,02,53,08,121.209678,25.053567,7.293,16767,1.487,2.226,3.938,27.375,61.200,0.346,0.199,Node5,0,0
2024-5-20 2:54:27  2024,05,20,02,54,03,121.209678,25.053567,7.293,16768,1.638,2.207,3.507,27.375,61.100,0.345,0.199,Node5,0,0
2024-5-20 2:55:21  2024,05,20,02,54,58,121.209678,25.053567,7.293,16769,1.411,2.224,3.526,27.375,61.100,0.344,0.200,Node5,0,0
2024-5-20 2:56:16  2024,05,20,02,55,53,121.209678,25.053567,7.293,16770,1.346,2.233,3.535,27.375,61.200,0.344,0.200,Node5,0,0
2024-5-20 2:57:12  2024,05,20,02,56,49,121.209678,25.053567,7.293,16771,1.650,2.197,3.344,27.375,61.200,0.344,0.200,Node5,0,0
2024-5-20 2:58:11  2024,05,20,02,57,44,121.209678,25.053567,7.293,16772,1.474,2.278,3.603,27.375,61.200,0.344,0.201,Node5,0,0
2024-5-20 2:59:1  2024,05,20,02,58,39,121.209678,25.053567,7.293,16773,1.401,2.270,3.593,27.375,61.200,0.344,0.201,Node5,0,0
2024-5-20 2:59:58  2024,05,20,02,59,35,121.209678,25.053567,7.293,16774,1.676,2.256,3.577,27.375,61.200,0.344,0.201,Node5,0,0
2024-5-20 3:0:53  2024,05,20,03,00,30,121.209678,25.053567,7.293,16775,1.651,2.297,3.806,27.375,61.200,0.343,0.202,Node5,0,0
2024-5-20 3:1:48  2024,05,20,03,01,25,121.209678,25.053567,7.293,16776,1.870,2.335,3.894,27.375,61.200,0.344,0.202,Node5,0,0
2024-5-20 3:2:42  2024,05,20,03,02,20,121.209678,25.053567,7.293,16777,1.414,2.382,4.129,27.375,61.200,0.344,0.203,Node5,0,0
2024-5-20 3:3:38  2024,05,20,03,03,16,121.209678,25.053567,7.293,16778,1.647,2.350,4.052,27.375,61.200,0.344,0.203,Node5,0,0
2024-5-20 3:4:34  2024,05,20,03,04,11,121.209678,25.053567,7.293,16779,1.838,2.395,4.110,27.375,61.200,0.345,0.203,Node5,0,0
2024-5-20 3:5:28  2024,05,20,03,05,06,121.209678,25.053567,7.293,16780,2.318,2.461,4.372,27.375,61.200,0.344,0.204,Node5,0,0
2024-5-20 3:6:27  2024,05,20,03,06,02,121.209678,25.053567,7.293,16781,1.537,2.485,4.397,27.375,61.200,0.344,0.204,Node5,0,0
2024-5-20 3:7:25  2024,05,20,03,06,57,121.209678,25.053567,7.293,16782,1.952,2.505,4.421,27.375,61.200,0.344,0.204,Node5,0,0
2024-5-20 3:8:19  2024,05,20,03,07,52,121.209678,25.053567,7.293,16783,2.134,2.508,4.423,27.375,61.200,0.344,0.205,Node5,0,0
2024-5-20 3:9:7  2024,05,20,03,08,48,121.209678,25.053567,7.293,16784,1.994,2.485,4.354,27.375,61.200,0.345,0.205,Node5,0,0
2024-5-20 3:10:10  2024,05,20,03,09,43,121.209678,25.053567,7.293,16785,2.679,2.507,4.376,27.375,61.200,0.344,0.205,Node5,0,0
2024-5-20 3:11:4  2024,05,20,03,10,38,121.209678,25.053567,7.293,16786,2.357,2.501,4.358,27.375,61.200,0.344,0.205,Node5,0,0
2024-5-20 3:12:0  2024,05,20,03,11,33,121.209678,25.053567,7.293,16787,1.911,2.541,4.401,27.375,61.100,0.344,0.206,Node5,0,0
2024-5-20 3:12:52  2024,05,20,03,12,29,121.209678,25.053567,7.293,16788,1.810,2.580,4.130,27.375,61.100,0.343,0.206,Node5,0,0
2024-5-20 3:13:47  2024,05,20,03,13,24,121.209678,25.053567,7.293,16789,2.427,2.582,4.131,27.375,61.100,0.343,0.206,Node5,0,0
2024-5-20 3:14:44  2024,05,20,03,14,19,121.209678,25.053567,7.293,16790,1.645,2.635,4.197,27.375,61.000,0.344,0.206,Node5,0,0
2024-5-20 3:15:37  2024,05,20,03,15,15,121.209678,25.053567,7.293,16791,1.739,2.645,4.209,27.375,61.000,0.344,0.206,Node5,0,0
2024-5-20 3:16:32  2024,05,20,03,16,10,121.209678,25.053567,7.293,16792,2.113,2.649,4.213,27.375,60.900,0.343,0.206,Node5,0,0
2024-5-20 3:17:28  2024,05,20,03,17,05,121.209678,25.053567,7.293,16793,1.664,2.657,4.221,27.375,60.900,0.343,0.206,Node5,0,0
2024-5-20 3:18:23  2024,05,20,03,18,00,121.209678,25.053567,7.293,16794,1.975,2.720,4.347,27.375,60.800,0.343,0.206,Node5,0,0
2024-5-20 3:19:19  2024,05,20,03,18,56,121.209678,25.053567,7.293,16795,2.335,2.730,4.357,27.375,60.800,0.343,0.206,Node5,0,0
2024-5-20 3:20:16  2024,05,20,03,19,51,121.209678,25.053567,7.293,16796,2.195,2.795,4.439,27.375,60.800,0.343,0.206,Node5,0,0
2024-5-20 3:21:10  2024,05,20,03,20,46,121.209678,25.053567,7.293,16797,1.371,2.845,4.503,27.375,60.700,0.344,0.206,Node5,0,0
2024-5-20 3:22:6  2024,05,20,03,21,42,121.209678,25.053567,7.293,16798,1.940,2.797,4.406,27.375,60.700,0.344,0.205,Node5,0,0
2024-5-20 3:23:1  2024,05,20,03,22,37,121.209678,25.053567,7.293,16799,1.703,2.837,4.450,27.375,60.700,0.344,0.205,Node5,0,0
2024-5-20 3:23:56  2024,05,20,03,23,32,121.209678,25.053567,7.293,16800,1.353,2.848,4.463,27.375,60.700,0.345,0.205,Node5,0,0
2024-5-20 3:24:50  2024,05,20,03,24,27,121.209678,25.053567,7.293,16801,1.254,2.854,4.469,27.375,60.700,0.345,0.205,Node5,0,0
2024-5-20 3:25:46  2024,05,20,03,25,23,121.209678,25.053567,7.293,16802,1.628,2.816,4.419,27.375,60.600,0.344,0.204,Node5,0,0
2024-5-20 3:26:40  2024,05,20,03,26,18,121.209678,25.053567,7.293,16803,1.338,2.822,4.426,27.375,60.600,0.344,0.204,Node5,0,0
2024-5-20 3:27:36  2024,05,20,03,27,13,121.209678,25.053567,7.293,16804,1.963,2.819,4.422,27.375,60.600,0.344,0.204,Node5,0,0
2024-5-20 3:28:32  2024,05,20,03,28,09,121.209678,25.053567,7.293,16805,1.750,2.868,4.486,27.375,60.600,0.344,0.203,Node5,0,0
2024-5-20 3:30:12  2024,05,20,03,29,04,121.209678,25.053567,7.293,16806,1.254,2.879,4.498,27.375,60.600,0.344,0.203,Node5,0,0
2024-5-20 3:30:47  2024,05,20,03,30,23,121.209678,25.053567,7.293,16807,1.626,2.873,4.493,27.375,60.600,0.343,0.202,Node5,0,0
2024-5-20 3:31:24  2024,05,20,03,31,01,121.209678,25.053567,7.293,16808,2.147,2.902,4.535,27.375,60.600,0.343,0.201,Node5,0,0
2024-5-20 3:32:13  2024,05,20,03,31,50,121.209678,25.053567,7.293,16809,1.403,2.889,4.511,27.375,60.600,0.343,0.201,Node5,0,0
2024-5-20 3:33:8  2024,05,20,03,32,45,121.209678,25.053567,7.293,16810,1.645,2.892,4.514,27.375,60.600,0.343,0.200,Node5,0,0
2024-5-20 3:34:0  2024,05,20,03,33,40,121.209678,25.053567,7.293,16811,1.311,2.861,4.471,27.375,60.600,0.344,0.200,Node5,0,0
2024-5-20 3:34:58  2024,05,20,03,34,36,121.209678,25.053567,7.293,16812,1.414,2.858,4.468,27.375,60.600,0.345,0.199,Node5,0,0
2024-5-20 3:35:54  2024,05,20,03,35,31,121.209678,25.053567,7.293,16813,1.540,2.861,4.470,27.375,60.600,0.345,0.199,Node5,0,0
2024-5-20 3:36:49  2024,05,20,03,36,26,121.209678,25.053567,7.293,16814,1.509,2.821,4.383,27.375,60.600,0.345,0.198,Node5,0,0
2024-5-20 3:37:45  2024,05,20,03,37,22,121.209678,25.053567,7.293,16815,1.372,2.813,4.376,27.375,60.600,0.344,0.197,Node5,0,0
2024-5-20 3:38:42  2024,05,20,03,38,17,121.209678,25.053567,7.293,16816,1.247,2.815,4.377,27.250,60.600,0.345,0.197,Node5,0,0
2024-5-20 3:39:35  2024,05,20,03,39,12,121.209678,25.053567,7.293,16817,1.294,2.847,4.466,27.250,60.700,0.345,0.196,Node5,0,0
2024-5-20 3:40:27  2024,05,20,03,40,07,121.209678,25.053567,7.293,16818,1.249,2.853,4.472,27.250,60.600,0.344,0.196,Node5,0,0
2024-5-20 3:41:26  2024,05,20,03,41,03,121.209678,25.053567,7.293,16819,0.955,2.821,4.031,27.250,60.600,0.344,0.195,Node5,0,0
2024-5-20 3:42:22  2024,05,20,03,41,58,121.209678,25.053567,7.293,16820,1.496,2.827,4.924,27.250,60.600,0.344,0.194,Node5,0,0
2024-5-20 3:43:16  2024,05,20,03,42,53,121.209678,25.053567,7.293,16821,1.493,2.868,4.980,27.250,60.600,0.344,0.194,Node5,0,0
2024-5-20 3:44:11  2024,05,20,03,43,49,121.209678,25.053567,7.293,16822,1.665,2.859,4.971,27.250,60.600,0.344,0.193,Node5,0,0
2024-5-20 3:45:3  2024,05,20,03,44,44,121.209678,25.053567,7.293,16823,1.763,2.761,4.803,27.250,60.700,0.344,0.192,Node5,0,0
2024-5-20 3:46:2  2024,05,20,03,45,39,121.209678,25.053567,7.293,16824,1.293,2.764,4.805,27.250,60.600,0.343,0.192,Node5,0,0
2024-5-20 3:46:57  2024,05,20,03,46,34,121.209678,25.053567,7.293,16825,1.457,2.809,4.873,27.250,60.600,0.344,0.191,Node5,0,0
2024-5-20 3:47:53  2024,05,20,03,47,30,121.209678,25.053567,7.293,16826,1.153,2.793,4.856,27.250,60.600,0.345,0.190,Node5,0,0
2024-5-20 3:48:48  2024,05,20,03,48,25,121.209678,25.053567,7.293,16827,1.544,2.767,4.828,27.250,60.600,0.345,0.190,Node5,0,0
2024-5-20 3:49:43  2024,05,20,03,49,20,121.209678,25.053567,7.293,16828,1.647,2.769,4.831,27.250,60.700,0.345,0.189,Node5,0,0
2024-5-20 3:50:39  2024,05,20,03,50,16,121.209678,25.053567,7.293,16829,2.150,2.757,4.816,27.250,60.700,0.345,0.189,Node5,0,0
2024-5-20 3:51:34  2024,05,20,03,51,11,121.209678,25.053567,7.293,16830,1.389,2.786,4.848,27.250,60.700,0.346,0.188,Node5,0,0
2024-5-20 3:52:29  2024,05,20,03,52,06,121.209678,25.053567,7.293,16831,1.257,2.785,4.847,27.250,60.700,0.346,0.188,Node5,0,0
2024-5-20 3:53:24  2024,05,20,03,53,02,121.209678,25.053567,7.293,16832,1.184,2.707,4.590,27.250,60.700,0.346,0.187,Node5,0,0
2024-5-20 3:54:20  2024,05,20,03,53,57,121.209678,25.053567,7.293,16833,1.354,2.702,4.585,27.250,60.700,0.346,0.187,Node5,0,0
2024-5-20 3:55:15  2024,05,20,03,54,52,121.209678,25.053567,7.293,16834,1.209,2.701,4.584,27.250,60.700,0.346,0.186,Node5,0,0
2024-5-20 3:56:10  2024,05,20,03,55,47,121.209678,25.053567,7.293,16835,1.024,2.644,4.338,27.250,60.700,0.346,0.186,Node5,0,0
2024-5-20 3:57:4  2024,05,20,03,56,43,121.209678,25.053567,7.293,16836,1.807,2.573,4.205,27.250,60.700,0.346,0.185,Node5,0,0
2024-5-20 3:58:1  2024,05,20,03,57,38,121.209678,25.053567,7.293,16837,1.315,2.565,4.065,27.250,60.700,0.345,0.185,Node5,0,0
2024-5-20 3:58:56  2024,05,20,03,58,33,121.209678,25.053567,7.293,16838,1.101,2.598,4.112,27.250,60.700,0.346,0.184,Node5,0,0
2024-5-20 3:59:51  2024,05,20,03,59,29,121.209678,25.053567,7.293,16839,1.551,2.552,4.051,27.250,60.700,0.346,0.184,Node5,0,0
2024-5-20 4:0:47  2024,05,20,04,00,24,121.209678,25.053567,7.293,16840,0.934,2.496,3.800,27.250,60.700,0.346,0.183,Node5,0,0
2024-5-20 4:1:39  2024,05,20,04,01,19,121.209678,25.053567,7.293,16841,1.458,2.456,3.758,27.250,60.800,0.346,0.183,Node5,0,0
2024-5-20 4:2:37  2024,05,20,04,02,14,121.209678,25.053567,7.293,16842,1.363,2.434,3.722,27.250,60.800,0.346,0.183,Node5,0,0
2024-5-20 4:3:29  2024,05,20,04,03,10,121.209678,25.053567,7.293,16843,1.217,2.452,3.753,27.250,60.800,0.345,0.182,Node5,0,0
2024-5-20 4:4:28  2024,05,20,04,04,05,121.209678,25.053567,7.293,16844,1.486,2.435,3.736,27.250,60.800,0.345,0.182,Node5,0,0
2024-5-20 4:5:23  2024,05,20,04,05,00,121.209678,25.053567,7.293,16845,1.501,2.434,3.737,27.250,60.800,0.345,0.181,Node5,0,0
2024-5-20 4:6:18  2024,05,20,04,05,56,121.209678,25.053567,7.293,16846,1.593,2.406,3.708,27.250,60.800,0.345,0.181,Node5,0,0
2024-5-20 4:7:14  2024,05,20,04,06,51,121.209678,25.053567,7.293,16847,1.303,2.377,3.678,27.250,60.800,0.345,0.180,Node5,0,0
2024-5-20 4:8:6  2024,05,20,04,07,46,121.209678,25.053567,7.293,16848,1.358,2.343,3.754,27.250,60.800,0.346,0.180,Node5,0,0
2024-5-20 4:9:4  2024,05,20,04,08,41,121.209678,25.053567,7.293,16849,1.287,2.335,3.746,27.250,60.800,0.346,0.179,Node5,0,0
2024-5-20 4:10:0  2024,05,20,04,09,37,121.209678,25.053567,7.293,16850,1.475,2.278,3.675,27.250,60.800,0.347,0.179,Node5,0,0
2024-5-20 4:10:55  2024,05,20,04,10,32,121.209678,25.053567,7.293,16851,1.520,2.261,3.656,27.250,60.800,0.347,0.179,Node5,0,0
2024-5-20 4:11:50  2024,05,20,04,11,27,121.209678,25.053567,7.293,16852,0.746,2.271,3.668,27.250,60.800,0.347,0.179,Node5,0,0
2024-5-20 4:12:45  2024,05,20,04,12,23,121.209678,25.053567,7.293,16853,1.458,2.247,3.644,27.250,60.800,0.348,0.178,Node5,0,0
2024-5-20 4:13:41  2024,05,20,04,13,18,121.209678,25.053567,7.293,16854,0.812,2.194,3.528,27.250,60.800,0.347,0.178,Node5,0,0
2024-5-20 4:14:33  2024,05,20,04,14,13,121.209678,25.053567,7.293,16855,1.545,2.173,3.507,27.250,60.800,0.348,0.178,Node5,0,0
2024-5-20 4:15:28  2024,05,20,04,15,09,121.209678,25.053567,7.293,16856,1.747,2.147,3.516,27.250,60.800,0.348,0.178,Node5,0,0
2024-5-20 4:16:27  2024,05,20,04,16,04,121.209678,25.053567,7.293,16857,1.522,2.112,3.466,27.250,60.800,0.348,0.178,Node5,0,0
2024-5-20 4:17:22  2024,05,20,04,16,59,121.209678,25.053567,7.293,16858,1.091,2.115,3.470,27.250,60.900,0.348,0.178,Node5,0,0
2024-5-20 4:18:20  2024,05,20,04,17,54,121.209678,25.053567,7.293,16859,1.533,2.070,3.421,27.250,60.900,0.347,0.178,Node5,0,0
2024-5-20 4:19:15  2024,05,20,04,18,50,121.209678,25.053567,7.293,16860,1.617,2.052,3.401,27.250,60.900,0.347,0.177,Node5,0,0
2024-5-20 4:20:8  2024,05,20,04,19,45,121.209678,25.053567,7.293,16861,2.029,2.062,3.410,27.250,60.900,0.347,0.177,Node5,0,0
2024-5-20 4:21:3  2024,05,20,04,20,40,121.209678,25.053567,7.293,16862,1.692,2.076,3.425,27.250,60.900,0.348,0.177,Node5,0,0
2024-5-20 4:21:58  2024,05,20,04,21,36,121.209678,25.053567,7.293,16863,1.597,2.077,3.426,27.250,60.900,0.348,0.177,Node5,0,0
2024-5-20 4:22:54  2024,05,20,04,22,31,121.209678,25.053567,7.293,16864,2.062,2.082,3.430,27.250,60.900,0.347,0.177,Node5,0,0
2024-5-20 4:23:45  2024,05,20,04,23,26,121.209678,25.053567,7.293,16865,1.314,2.076,3.423,27.250,60.900,0.348,0.177,Node5,0,0
2024-5-20 4:24:45  2024,05,20,04,24,21,121.209678,25.053567,7.293,16866,1.785,2.052,3.398,27.250,60.900,0.347,0.177,Node5,0,0
2024-5-20 4:25:39  2024,05,20,04,25,17,121.209678,25.053567,7.293,16867,0.912,2.093,3.452,27.250,61.000,0.348,0.177,Node5,0,0
2024-5-20 4:26:35  2024,05,20,04,26,12,121.209678,25.053567,7.293,16868,1.715,2.050,3.395,27.250,61.000,0.347,0.178,Node5,0,0
2024-5-20 4:27:29  2024,05,20,04,27,07,121.209678,25.053567,7.293,16869,1.156,2.048,3.404,27.250,61.000,0.348,0.178,Node5,0,0
2024-5-20 4:28:26  2024,05,20,04,28,03,121.209678,25.053567,7.293,16870,1.618,2.043,3.398,27.250,61.000,0.348,0.178,Node5,0,0
2024-5-20 4:29:21  2024,05,20,04,28,58,121.209678,25.053567,7.293,16871,1.235,2.055,3.413,27.250,61.000,0.348,0.178,Node5,0,0
2024-5-20 4:30:15  2024,05,20,04,29,53,121.209678,25.053567,7.293,16872,1.092,2.053,3.411,27.250,61.000,0.347,0.178,Node5,0,0
2024-5-20 4:31:10  2024,05,20,04,30,48,121.209678,25.053567,7.293,16873,1.532,2.061,3.421,27.250,61.000,0.346,0.178,Node5,0,0
2024-5-20 4:32:7  2024,05,20,04,31,44,121.209678,25.053567,7.293,16874,1.579,2.058,3.407,27.250,61.000,0.347,0.178,Node5,0,0
2024-5-20 4:33:2  2024,05,20,04,32,39,121.209678,25.053567,7.293,16875,1.442,2.064,3.413,27.250,61.100,0.347,0.178,Node5,0,0
2024-5-20 4:33:54  2024,05,20,04,33,34,121.209678,25.053567,7.293,16876,1.088,2.109,3.632,27.250,61.100,0.346,0.178,Node5,0,0
2024-5-20 4:34:51  2024,05,20,04,34,30,121.209678,25.053567,7.293,16877,1.634,2.067,3.534,27.250,61.100,0.347,0.178,Node5,0,0
2024-5-20 4:35:48  2024,05,20,04,35,25,121.209678,25.053567,7.293,16878,1.368,2.085,3.554,27.250,61.100,0.347,0.178,Node5,0,0
2024-5-20 4:36:40  2024,05,20,04,36,20,121.209678,25.053567,7.293,16879,1.503,2.093,3.562,27.250,61.200,0.346,0.179,Node5,0,0
2024-5-20 4:37:37  2024,05,20,04,37,15,121.209678,25.053567,7.293,16880,1.320,2.112,2.707,27.250,61.200,0.346,0.179,Node5,0,0
2024-5-20 4:38:34  2024,05,20,04,38,11,121.209678,25.053567,7.293,16881,1.073,2.066,2.646,27.250,61.300,0.346,0.179,Node5,0,0
2024-5-20 4:39:29  2024,05,20,04,39,06,121.209678,25.053567,7.293,16882,1.364,2.045,2.622,27.250,61.300,0.347,0.179,Node5,0,0
2024-5-20 4:40:24  2024,05,20,04,40,01,121.209678,25.053567,7.293,16883,1.318,2.054,2.633,27.250,61.400,0.347,0.179,Node5,0,0
2024-5-20 4:41:18  2024,05,20,04,40,57,121.209678,25.053567,7.293,16884,1.130,2.046,2.625,27.250,61.400,0.348,0.180,Node5,0,0
2024-5-20 4:42:15  2024,05,20,04,41,52,121.209678,25.053567,7.293,16885,1.149,1.986,2.541,27.250,61.500,0.348,0.180,Node5,0,0
2024-5-20 4:43:10  2024,05,20,04,42,47,121.209678,25.053567,7.293,16886,1.240,1.979,2.533,27.250,61.600,0.348,0.180,Node5,0,0
2024-5-20 4:44:6  2024,05,20,04,43,43,121.209678,25.053567,7.293,16887,1.256,2.011,2.979,27.250,61.600,0.348,0.180,Node5,0,0
2024-5-20 4:45:1  2024,05,20,04,44,38,121.209678,25.053567,7.293,16888,1.030,2.013,2.983,27.250,61.700,0.347,0.180,Node5,0,0
2024-5-20 4:45:56  2024,05,20,04,45,33,121.209678,25.053567,7.293,16889,1.330,2.003,2.972,27.250,61.700,0.347,0.180,Node5,0,0
2024-5-20 4:46:54  2024,05,20,04,46,28,121.209678,25.053567,7.293,16890,1.518,1.967,2.935,27.250,61.700,0.347,0.181,Node5,0,0
2024-5-20 4:47:46  2024,05,20,04,47,24,121.209678,25.053567,7.293,16891,1.088,1.982,2.951,27.250,61.800,0.347,0.181,Node5,0,0
2024-5-20 4:48:41  2024,05,20,04,48,19,121.209678,25.053567,7.293,16892,1.441,1.980,2.949,27.250,61.800,0.347,0.181,Node5,0,0
2024-5-20 4:49:36  2024,05,20,04,49,14,121.209678,25.053567,7.293,16893,1.008,2.011,2.992,27.250,61.900,0.347,0.181,Node5,0,0
2024-5-20 4:50:33  2024,05,20,04,50,10,121.209678,25.053567,7.293,16894,1.526,2.005,2.986,27.250,61.900,0.347,0.181,Node5,0,0
2024-5-20 4:51:28  2024,05,20,04,51,05,121.209678,25.053567,7.293,16895,1.337,2.021,3.002,27.250,61.900,0.347,0.181,Node5,0,0
2024-5-20 4:52:23  2024,05,20,04,52,00,121.209678,25.053567,7.293,16896,1.367,2.038,3.021,27.250,61.900,0.347,0.181,Node5,0,0
2024-5-20 4:53:17  2024,05,20,04,52,55,121.209678,25.053567,7.293,16897,1.325,1.991,2.917,27.250,61.900,0.347,0.181,Node5,0,0
2024-5-20 4:54:14  2024,05,20,04,53,51,121.209678,25.053567,7.293,16898,1.187,1.958,2.870,27.250,61.900,0.348,0.181,Node5,0,0
2024-5-20 4:55:9  2024,05,20,04,54,46,121.209678,25.053567,7.293,16899,1.196,1.960,2.873,27.250,61.900,0.348,0.181,Node5,0,0
2024-5-20 4:56:4  2024,05,20,04,55,41,121.209678,25.053567,7.293,16900,1.207,1.965,2.879,27.250,61.900,0.348,0.181,Node5,0,0
2024-5-20 4:56:59  2024,05,20,04,56,37,121.209678,25.053567,7.293,16901,1.654,1.974,2.888,27.250,61.900,0.348,0.182,Node5,0,0
2024-5-20 4:57:54  2024,05,20,04,57,32,121.209678,25.053567,7.293,16902,1.234,2.032,2.970,27.250,61.900,0.349,0.182,Node5,0,0
2024-5-20 4:58:47  2024,05,20,04,58,27,121.209678,25.053567,7.293,16903,1.019,2.002,2.926,27.250,61.900,0.349,0.182,Node5,0,0
2024-5-20 4:59:45  2024,05,20,04,59,22,121.209678,25.053567,7.293,16904,1.367,2.002,2.927,27.250,61.900,0.349,0.182,Node5,0,0
2024-5-20 5:0:37  2024,05,20,05,00,18,121.209678,25.053567,7.293,16905,1.341,2.014,2.948,27.250,61.800,0.350,0.182,Node5,0,0
2024-5-20 5:1:36  2024,05,20,05,01,13,121.209678,25.053567,7.293,16906,1.083,2.050,3.129,27.250,61.800,0.349,0.182,Node5,0,0
2024-5-20 5:2:31  2024,05,20,05,02,08,121.209678,25.053567,7.293,16907,1.137,2.039,3.118,27.250,61.800,0.350,0.183,Node5,0,0
2024-5-20 5:3:23  2024,05,20,05,03,04,121.209678,25.053567,7.293,16908,1.150,2.054,3.015,27.250,61.800,0.350,0.183,Node5,0,0
2024-5-20 5:4:20  2024,05,20,05,03,59,121.209678,25.053567,7.293,16909,0.854,2.098,3.106,27.250,61.800,0.350,0.183,Node5,0,0
2024-5-20 5:5:19  2024,05,20,05,04,54,121.209678,25.053567,7.293,16910,1.137,2.091,3.099,27.250,61.800,0.350,0.183,Node5,0,0
2024-5-20 5:6:9  2024,05,20,05,05,50,121.209678,25.053567,7.293,16911,1.152,2.122,3.179,27.250,61.900,0.349,0.183,Node5,0,0
2024-5-20 5:7:8  2024,05,20,05,06,45,121.209678,25.053567,7.293,16912,1.471,2.102,3.157,27.250,61.800,0.350,0.183,Node5,0,0
2024-5-20 5:8:2  2024,05,20,05,07,40,121.209678,25.053567,7.293,16913,1.176,2.141,3.207,27.250,61.900,0.349,0.183,Node5,0,0
2024-5-20 5:8:58  2024,05,20,05,08,35,121.209678,25.053567,7.293,16914,1.426,2.136,3.202,27.250,61.900,0.349,0.183,Node5,0,0
2024-5-20 5:9:54  2024,05,20,05,09,31,121.209678,25.053567,7.293,16915,1.071,2.159,3.226,27.250,62.000,0.349,0.184,Node5,0,0
2024-5-20 5:10:48  2024,05,20,05,10,26,121.209678,25.053567,7.293,16916,0.888,2.133,3.159,27.250,62.000,0.350,0.184,Node5,0,0
2024-5-20 5:11:44  2024,05,20,05,11,21,121.209678,25.053567,7.293,16917,0.775,2.112,3.137,27.250,62.000,0.349,0.184,Node5,0,0
2024-5-20 5:12:38  2024,05,20,05,12,17,121.209678,25.053567,7.293,16918,1.122,2.109,3.136,27.250,62.100,0.350,0.184,Node5,0,0
2024-5-20 5:13:31  2024,05,20,05,13,12,121.209678,25.053567,7.293,16919,1.153,2.111,3.138,27.250,62.100,0.350,0.184,Node5,0,0
2024-5-20 5:14:27  2024,05,20,05,14,07,121.209678,25.053567,7.293,16920,1.077,2.106,3.133,27.250,62.100,0.349,0.184,Node5,0,0
2024-5-20 5:15:22  2024,05,20,05,15,02,121.209678,25.053567,7.293,16921,0.722,2.093,3.120,27.250,62.200,0.349,0.184,Node5,0,0
2024-5-20 5:16:21  2024,05,20,05,15,58,121.209678,25.053567,7.293,16922,1.274,2.070,3.096,27.250,62.200,0.348,0.184,Node5,0,0
2024-5-20 5:17:12  2024,05,20,05,16,53,121.209678,25.053567,7.293,16923,1.114,2.073,3.102,27.250,62.300,0.349,0.184,Node5,0,0
2024-5-20 5:18:11  2024,05,20,05,17,48,121.209678,25.053567,7.293,16924,1.157,2.088,3.127,27.250,62.300,0.350,0.184,Node5,0,0
2024-5-20 5:19:6  2024,05,20,05,18,44,121.209678,25.053567,7.293,16925,1.003,2.039,3.064,27.250,62.400,0.351,0.185,Node5,0,0
2024-5-20 5:20:1  2024,05,20,05,19,39,121.209678,25.053567,7.293,16926,1.043,2.034,3.059,27.250,62.400,0.351,0.185,Node5,0,0
2024-5-20 5:20:57  2024,05,20,05,20,34,121.209678,25.053567,7.293,16927,1.071,2.022,3.077,27.250,62.400,0.351,0.185,Node5,0,0
2024-5-20 5:21:52  2024,05,20,05,21,29,121.209678,25.053567,7.293,16928,1.463,2.025,3.080,27.250,62.400,0.351,0.185,Node5,0,0
2024-5-20 5:22:48  2024,05,20,05,22,25,121.209678,25.053567,7.293,16929,1.418,2.002,3.045,27.250,62.400,0.351,0.186,Node5,0,0
2024-5-20 5:23:43  2024,05,20,05,23,20,121.209678,25.053567,7.293,16930,1.379,2.029,3.082,27.250,62.400,0.351,0.186,Node5,0,0
2024-5-20 5:24:38  2024,05,20,05,24,15,121.209678,25.053567,7.293,16931,1.350,2.016,3.067,27.250,62.400,0.351,0.186,Node5,0,0
2024-5-20 5:25:33  2024,05,20,05,25,11,121.209678,25.053567,7.293,16932,1.154,2.018,3.069,27.250,62.400,0.351,0.186,Node5,0,0
2024-5-20 5:26:29  2024,05,20,05,26,06,121.209678,25.053567,7.293,16933,1.150,2.010,3.059,27.250,62.400,0.352,0.186,Node5,0,0
2024-5-20 5:27:24  2024,05,20,05,27,01,121.209678,25.053567,7.293,16934,0.912,1.998,3.054,27.250,62.500,0.352,0.187,Node5,0,0
2024-5-20 5:28:19  2024,05,20,05,27,57,121.209678,25.053567,7.293,16935,1.059,2.004,3.070,27.250,62.500,0.352,0.187,Node5,0,0
2024-5-20 5:29:17  2024,05,20,05,28,52,121.209678,25.053567,7.293,16936,1.102,1.953,2.845,27.250,62.600,0.352,0.187,Node5,0,0
2024-5-20 5:30:9  2024,05,20,05,29,47,121.209678,25.053567,7.293,16937,1.535,1.948,2.840,27.250,62.600,0.352,0.187,Node5,0,0
2024-5-20 5:31:6  2024,05,20,05,30,42,121.209678,25.053567,7.293,16938,1.001,1.947,2.838,27.250,62.600,0.352,0.187,Node5,0,0
2024-5-20 5:31:59  2024,05,20,05,31,38,121.209678,25.053567,7.293,16939,0.938,1.973,3.011,27.250,62.600,0.352,0.188,Node5,0,0
2024-5-20 5:32:59  2024,05,20,05,32,33,121.209678,25.053567,7.293,16940,1.082,1.936,2.962,27.250,62.600,0.353,0.188,Node5,0,0
2024-5-20 5:33:54  2024,05,20,05,33,28,121.209678,25.053567,7.293,16941,1.380,1.942,2.971,27.250,62.700,0.353,0.188,Node5,0,0
2024-5-20 5:34:50  2024,05,20,05,34,24,121.209678,25.053567,7.293,16942,0.978,1.949,2.978,27.250,62.800,0.353,0.188,Node5,0,0
2024-5-20 5:35:45  2024,05,20,05,35,19,121.209678,25.053567,7.293,16943,0.967,1.928,2.954,27.250,62.800,0.353,0.188,Node5,0,0
2024-5-20 5:36:40  2024,05,20,05,36,14,121.209678,25.053567,7.293,16944,1.983,1.958,3.127,27.250,62.800,0.353,0.188,Node5,0,0
2024-5-20 5:37:35  2024,05,20,05,37,09,121.209678,25.053567,7.293,16945,1.352,1.976,3.146,27.250,62.700,0.354,0.189,Node5,0,0
2024-5-20 5:38:30  2024,05,20,05,38,05,121.209678,25.053567,7.293,16946,1.039,1.981,3.151,27.250,62.700,0.354,0.189,Node5,0,0
2024-5-20 5:39:25  2024,05,20,05,39,00,121.209678,25.053567,7.293,16947,1.372,1.949,2.704,27.250,62.700,0.355,0.189,Node5,0,0
2024-5-20 5:40:20  2024,05,20,05,39,55,121.209678,25.053567,7.293,16948,1.194,1.942,2.696,27.250,62.700,0.355,0.189,Node5,0,0
2024-5-20 5:41:15  2024,05,20,05,40,51,121.209678,25.053567,7.293,16949,1.220,1.956,2.711,27.250,62.600,0.356,0.190,Node5,0,0
2024-5-20 5:42:10  2024,05,20,05,41,46,121.209678,25.053567,7.293,16950,1.324,1.957,2.712,27.250,62.600,0.356,0.190,Node5,0,0
2024-5-20 5:43:5  2024,05,20,05,42,41,121.209678,25.053567,7.293,16951,1.088,1.952,2.707,27.250,62.600,0.356,0.190,Node5,0,0
2024-5-20 5:44:0  2024,05,20,05,43,36,121.209678,25.053567,7.293,16952,0.793,1.951,2.707,27.250,62.600,0.356,0.191,Node5,0,0
2024-5-20 5:44:55  2024,05,20,05,44,32,121.209678,25.053567,7.293,16953,1.117,1.914,2.658,27.250,62.700,0.357,0.191,Node5,0,0
2024-5-20 5:45:50  2024,05,20,05,45,27,121.209678,25.053567,7.293,16954,1.343,1.927,2.672,27.250,62.700,0.357,0.192,Node5,0,0
2024-5-20 5:46:45  2024,05,20,05,46,22,121.209678,25.053567,7.293,16955,1.307,1.925,2.671,27.250,62.800,0.358,0.192,Node5,0,0
2024-5-20 5:47:40  2024,05,20,05,47,18,121.209678,25.053567,7.293,16956,0.819,1.917,2.663,27.250,62.800,0.358,0.192,Node5,0,0
2024-5-20 5:48:36  2024,05,20,05,48,13,121.209678,25.053567,7.293,16957,1.196,1.914,2.660,27.250,62.800,0.359,0.193,Node5,0,0
2024-5-20 5:49:31  2024,05,20,05,49,08,121.209678,25.053567,7.293,16958,1.093,1.956,2.837,27.250,62.900,0.358,0.193,Node5,0,0
2024-5-20 5:50:26  2024,05,20,05,50,04,121.209678,25.053567,7.293,16959,1.488,1.953,2.834,27.250,62.800,0.357,0.193,Node5,0,0
2024-5-20 5:51:22  2024,05,20,05,50,59,121.209678,25.053567,7.293,16960,0.847,1.948,2.827,27.250,62.800,0.357,0.194,Node5,0,0
2024-5-20 5:52:16  2024,05,20,05,51,54,121.209678,25.053567,7.293,16961,1.050,1.938,2.817,27.250,62.900,0.357,0.194,Node5,0,0
2024-5-20 5:53:12  2024,05,20,05,52,49,121.209678,25.053567,7.293,16962,1.166,1.863,2.718,27.250,62.800,0.357,0.194,Node5,0,0
2024-5-20 5:54:8  2024,05,20,05,53,45,121.209678,25.053567,7.293,16963,1.110,1.872,2.729,27.250,62.800,0.357,0.195,Node5,0,0
2024-5-20 5:55:3  2024,05,20,05,54,40,121.209678,25.053567,7.293,16964,1.179,1.900,2.797,27.250,62.800,0.357,0.195,Node5,0,0
2024-5-20 5:55:58  2024,05,20,05,55,35,121.209678,25.053567,7.293,16965,1.813,1.869,2.756,27.250,62.800,0.357,0.196,Node5,0,0
2024-5-20 5:56:53  2024,05,20,05,56,31,121.209678,25.053567,7.293,16966,1.605,1.842,2.584,27.250,62.800,0.358,0.197,Node5,0,0
2024-5-20 5:57:49  2024,05,20,05,57,26,121.209678,25.053567,7.293,16967,1.378,1.863,2.606,27.250,62.800,0.357,0.197,Node5,0,0
2024-5-20 5:58:43  2024,05,20,05,58,21,121.209678,25.053567,7.293,16968,1.216,1.805,2.493,27.250,62.700,0.358,0.198,Node5,0,0
2024-5-20 5:59:39  2024,05,20,05,59,16,121.209678,25.053567,7.293,16969,1.332,1.761,2.401,27.250,62.700,0.358,0.199,Node5,0,0
2024-5-20 6:0:34  2024,05,20,06,00,12,121.209678,25.053567,7.293,16970,7.641,1.770,2.411,27.250,62.700,0.358,0.199,Node5,0,0
2024-5-20 6:1:30  2024,05,20,06,01,07,121.209678,25.053567,7.293,16971,2.193,2.551,17.098,27.250,62.600,0.359,0.200,Node5,0,0
2024-5-20 6:2:25  2024,05,20,06,02,02,121.209678,25.053567,7.293,16972,2.309,2.622,20.529,27.250,62.600,0.359,0.203,Node5,0,0
2024-5-20 6:3:20  2024,05,20,06,02,58,121.209678,25.053567,7.293,16973,2.272,2.772,21.499,27.250,62.600,0.360,0.205,Node5,0,0
2024-5-20 6:4:16  2024,05,20,06,03,53,121.209678,25.053567,7.293,16974,2.048,2.833,21.612,27.250,62.600,0.360,0.207,Node5,0,0
2024-5-20 6:5:11  2024,05,20,06,04,48,121.209678,25.053567,7.293,16975,2.322,2.907,22.179,27.250,62.600,0.361,0.209,Node5,0,0
2024-5-20 6:6:7  2024,05,20,06,05,43,121.209678,25.053567,7.293,16976,2.960,2.934,22.208,27.250,62.500,0.361,0.211,Node5,0,0
2024-5-20 6:7:2  2024,05,20,06,06,39,121.209678,25.053567,7.293,16977,2.065,3.018,23.174,27.250,62.500,0.362,0.213,Node5,0,0
2024-5-20 6:7:57  2024,05,20,06,07,34,121.209678,25.053567,7.293,16978,2.047,3.042,23.199,27.250,62.500,0.363,0.215,Node5,0,0
2024-5-20 6:8:52  2024,05,20,06,08,29,121.209678,25.053567,7.293,16979,1.860,3.135,23.724,27.250,62.500,0.364,0.216,Node5,0,0
2024-5-20 6:9:44  2024,05,20,06,09,25,121.209678,25.053567,7.293,16980,1.880,3.159,23.750,27.250,62.500,0.365,0.218,Node5,0,0
2024-5-20 6:10:43  2024,05,20,06,10,20,121.209678,25.053567,7.293,16981,1.724,3.208,24.552,27.375,62.500,0.365,0.219,Node5,0,0
2024-5-20 6:11:38  2024,05,20,06,11,15,121.209678,25.053567,7.293,16982,1.573,3.226,24.571,27.375,62.400,0.366,0.220,Node5,0,0
2024-5-20 6:12:30  2024,05,20,06,12,11,121.209678,25.053567,7.293,16983,1.219,3.222,24.565,27.375,62.300,0.366,0.220,Node5,0,0
2024-5-20 6:13:25  2024,05,20,06,13,06,121.209678,25.053567,7.293,16984,1.439,3.201,24.534,27.375,62.300,0.365,0.221,Node5,0,0
2024-5-20 6:14:24  2024,05,20,06,14,01,121.209678,25.053567,7.293,16985,1.361,3.206,24.538,27.375,62.200,0.365,0.221,Node5,0,0
2024-5-20 6:15:16  2024,05,20,06,14,56,121.209678,25.053567,7.293,16986,1.413,3.212,24.544,27.375,62.200,0.366,0.222,Node5,0,0
2024-5-20 6:16:11  2024,05,20,06,15,52,121.209678,25.053567,7.293,16987,1.746,3.187,24.477,27.375,62.100,0.366,0.222,Node5,0,0
2024-5-20 6:17:8  2024,05,20,06,16,47,121.209678,25.053567,7.293,16988,1.706,3.211,24.503,27.375,62.100,0.366,0.222,Node5,0,0
2024-5-20 6:18:5  2024,05,20,06,17,42,121.209678,25.053567,7.293,16989,1.281,3.228,24.530,27.375,62.100,0.367,0.223,Node5,0,0
2024-5-20 6:19:0  2024,05,20,06,18,38,121.209678,25.053567,7.293,16990,1.413,3.203,24.494,27.375,62.100,0.367,0.223,Node5,0,0
2024-5-20 6:19:56  2024,05,20,06,19,33,121.209678,25.053567,7.293,16991,1.725,3.211,24.504,27.375,62.100,0.368,0.224,Node5,0,0
2024-5-20 6:20:51  2024,05,20,06,20,28,121.209678,25.053567,7.293,16992,1.571,3.219,24.511,27.375,62.100,0.368,0.224,Node5,0,0
2024-5-20 6:21:46  2024,05,20,06,21,23,121.209678,25.053567,7.293,16993,1.943,3.223,24.516,27.375,62.100,0.368,0.225,Node5,0,0
2024-5-20 6:22:42  2024,05,20,06,22,19,121.209678,25.053567,7.293,16994,2.312,3.240,24.526,27.375,62.100,0.368,0.226,Node5,0,0
2024-5-20 6:23:37  2024,05,20,06,23,14,121.209678,25.053567,7.293,16995,1.684,3.273,24.561,27.375,62.200,0.369,0.226,Node5,0,0
2024-5-20 6:24:32  2024,05,20,06,24,09,121.209678,25.053567,7.293,16996,1.934,3.290,24.579,27.375,62.200,0.369,0.227,Node5,0,0
2024-5-20 6:25:27  2024,05,20,06,25,05,121.209678,25.053567,7.293,16997,2.113,3.357,24.829,27.375,62.200,0.369,0.227,Node5,0,0
2024-5-20 6:26:23  2024,05,20,06,26,00,121.209678,25.053567,7.293,16998,2.222,3.403,25.059,27.375,62.200,0.369,0.228,Node5,0,0
2024-5-20 6:27:18  2024,05,20,06,26,55,121.209678,25.053567,7.293,16999,2.425,3.445,25.013,27.375,62.100,0.369,0.229,Node5,0,0
2024-5-20 6:28:13  2024,05,20,06,27,50,121.209678,25.053567,7.293,17000,2.018,3.506,25.078,27.375,62.100,0.370,0.230,Node5,0,0
2024-5-20 6:29:8  2024,05,20,06,28,46,121.209678,25.053567,7.293,17001,1.754,3.512,25.082,27.375,62.100,0.370,0.231,Node5,0,0
2024-5-20 6:30:4  2024,05,20,06,29,41,121.209678,25.053567,7.293,17002,1.937,3.518,25.089,27.375,62.000,0.370,0.232,Node5,0,0
2024-5-20 6:30:59  2024,05,20,06,30,36,121.209678,25.053567,7.293,17003,2.927,3.552,25.125,27.375,62.000,0.372,0.233,Node5,0,0
2024-5-20 6:31:58  2024,05,20,06,31,32,121.209678,25.053567,7.293,17004,1.875,3.556,24.987,27.375,62.100,0.375,0.236,Node5,0,0
2024-5-20 6:32:55  2024,05,20,06,32,27,121.209678,25.053567,7.293,17005,2.310,3.551,24.982,27.375,62.000,0.381,0.240,Node5,0,0
2024-5-20 6:33:50  2024,05,20,06,33,22,121.209678,25.053567,7.293,17006,4.161,3.627,25.870,27.375,62.000,0.388,0.246,Node5,0,0
2024-5-20 6:34:45  2024,05,20,06,34,18,121.209678,25.053567,7.293,17007,2.219,3.697,25.941,27.375,62.000,0.392,0.253,Node5,0,0
2024-5-20 6:35:40  2024,05,20,06,35,13,121.209678,25.053567,7.293,17008,2.134,3.750,26.041,27.375,62.000,0.399,0.261,Node5,0,0
2024-5-20 6:36:33  2024,05,20,06,36,08,121.209678,25.053567,7.293,17009,5.297,3.774,26.065,27.375,62.000,0.409,0.269,Node5,0,0
2024-5-20 6:37:30  2024,05,20,06,37,03,121.209678,25.053567,7.293,17010,2.836,3.922,27.024,27.375,62.000,0.416,0.278,Node5,0,0
2024-5-20 6:38:25  2024,05,20,06,37,59,121.209678,25.053567,7.293,17011,2.306,4.004,27.270,27.500,61.900,0.420,0.288,Node5,0,0
2024-5-20 6:39:19  2024,05,20,06,38,54,121.209678,25.053567,7.293,17012,2.566,4.063,27.342,27.500,62.000,0.422,0.296,Node5,0,0
2024-5-20 6:40:14  2024,05,20,06,39,49,121.209678,25.053567,7.293,17013,2.486,4.164,27.504,27.500,62.000,0.422,0.304,Node5,0,0
2024-5-20 6:41:10  2024,05,20,06,40,45,121.209678,25.053567,7.293,17014,2.648,4.184,27.523,27.500,62.000,0.423,0.310,Node5,0,0
2024-5-20 6:42:5  2024,05,20,06,41,40,121.209678,25.053567,7.293,17015,2.339,4.201,27.538,27.500,62.000,0.423,0.317,Node5,0,0
2024-5-20 6:43:0  2024,05,20,06,42,35,121.209678,25.053567,7.293,17016,1.766,4.220,27.557,27.500,62.000,0.424,0.323,Node5,0,0
2024-5-20 6:43:55  2024,05,20,06,43,30,121.209678,25.053567,7.293,17017,2.270,4.301,27.734,27.500,61.900,0.424,0.328,Node5,0,0
2024-5-20 6:44:49  2024,05,20,06,44,26,121.209678,25.053567,7.293,17018,1.782,4.280,27.579,27.500,61.900,0.425,0.331,Node5,0,0
2024-5-20 6:45:45  2024,05,20,06,45,21,121.209678,25.053567,7.293,17019,1.969,4.373,28.447,27.500,61.800,0.426,0.333,Node5,0,0
2024-5-20 6:46:40  2024,05,20,06,46,16,121.209678,25.053567,7.293,17020,1.900,4.440,31.410,27.500,61.700,0.427,0.335,Node5,0,0
2024-5-20 6:47:35  2024,05,20,06,47,12,121.209678,25.053567,7.293,17021,1.773,4.628,33.522,27.500,61.700,0.428,0.336,Node5,0,0
2024-5-20 6:48:30  2024,05,20,06,48,07,121.209678,25.053567,7.293,17022,1.877,4.676,33.982,27.500,61.600,0.428,0.338,Node5,0,0
2024-5-20 6:49:25  2024,05,20,06,49,02,121.209678,25.053567,7.293,17023,4.847,4.748,34.485,27.500,61.500,0.428,0.340,Node5,0,0
2024-5-20 6:50:20  2024,05,20,06,49,57,121.209678,25.053567,7.293,17024,2.424,4.862,34.625,27.500,61.400,0.429,0.343,Node5,0,0
2024-5-20 6:51:15  2024,05,20,06,50,53,121.209678,25.053567,7.293,17025,2.637,4.943,35.614,27.625,61.300,0.430,0.345,Node5,0,0
2024-5-20 6:52:21  2024,05,20,06,51,48,121.209678,25.053567,7.293,17026,1.762,4.981,35.656,27.625,61.300,0.430,0.347,Node5,0,0
2024-5-20 6:53:10  2024,05,20,06,52,43,121.209678,25.053567,7.293,17027,1.727,5.046,36.627,27.625,61.200,0.431,0.348,Node5,0,0
2024-5-20 6:54:2  2024,05,20,06,53,39,121.209678,25.053567,7.293,17028,1.288,5.064,36.647,27.625,61.100,0.431,0.349,Node5,0,0
2024-5-20 6:54:57  2024,05,20,06,54,34,121.209678,25.053567,7.293,17029,1.869,5.140,36.906,27.625,61.100,0.431,0.350,Node5,0,0
2024-5-20 6:55:52  2024,05,20,06,55,29,121.209678,25.053567,7.293,17030,2.027,5.230,37.099,27.625,61.100,0.431,0.352,Node5,0,0
2024-5-20 6:57:1  2024,05,20,06,56,25,121.209678,25.053567,7.293,17031,1.649,4.510,22.642,27.625,61.000,0.431,0.352,Node5,0,0
2024-5-20 6:58:9  2024,05,20,06,57,44,121.209678,25.053567,7.293,17032,1.833,4.461,19.235,27.625,60.900,0.431,0.352,Node5,0,0
2024-5-20 6:58:45  2024,05,20,06,58,22,121.209678,25.053567,7.293,17033,1.359,4.332,18.288,27.750,60.900,0.431,0.351,Node5,0,0
2024-5-20 6:59:33  2024,05,20,06,59,10,121.209678,25.053567,7.293,17034,1.399,4.273,18.177,27.750,60.700,0.431,0.351,Node5,0,0
2024-5-20 7:0:31  2024,05,20,07,00,06,121.209678,25.053567,7.293,17035,1.333,4.213,17.634,27.750,60.600,0.430,0.351,Node5,0,0
2024-5-20 7:1:24  2024,05,20,07,01,01,121.209678,25.053567,7.293,17036,1.924,4.168,17.576,27.750,60.400,0.430,0.351,Node5,0,0
2024-5-20 7:2:19  2024,05,20,07,01,56,121.209678,25.053567,7.293,17037,1.600,4.129,16.658,27.750,60.300,0.429,0.350,Node5,0,0
2024-5-20 7:3:28  2024,05,20,07,02,52,121.209678,25.053567,7.293,17038,1.846,4.113,16.640,27.750,60.300,0.429,0.351,Node5,0,0
2024-5-20 7:4:35  2024,05,20,07,04,11,121.209678,25.053567,7.293,17039,1.589,4.144,17.080,27.875,60.200,0.429,0.351,Node5,0,0
2024-5-20 7:5:8  2024,05,20,07,04,49,121.209678,25.053567,7.293,17040,1.213,4.126,17.061,27.875,60.200,0.429,0.351,Node5,0,0
2024-5-20 7:6:0  2024,05,20,07,05,37,121.209678,25.053567,7.293,17041,1.430,4.122,16.475,27.875,60.100,0.429,0.352,Node5,0,0
2024-5-20 7:6:56  2024,05,20,07,06,33,121.209678,25.053567,7.293,17042,1.738,4.116,16.468,27.875,60.000,0.429,0.354,Node5,0,0
2024-5-20 7:7:52  2024,05,20,07,07,28,121.209678,25.053567,7.293,17043,1.458,4.184,16.600,27.875,60.000,0.429,0.355,Node5,0,0
2024-5-20 7:8:49  2024,05,20,07,08,23,121.209678,25.053567,7.293,17044,1.685,4.214,16.641,28.000,59.900,0.429,0.357,Node5,0,0
2024-5-20 7:9:41  2024,05,20,07,09,19,121.209678,25.053567,7.293,17045,1.733,4.252,17.081,28.000,59.800,0.429,0.358,Node5,0,0
2024-5-20 7:10:38  2024,05,20,07,10,14,121.209678,25.053567,7.293,17046,1.575,4.259,17.088,28.000,59.600,0.429,0.361,Node5,0,0
2024-5-20 7:11:32  2024,05,20,07,11,09,121.209678,25.053567,7.293,17047,1.142,4.263,17.092,28.000,59.400,0.429,0.365,Node5,0,0
2024-5-20 7:12:27  2024,05,20,07,12,04,121.209678,25.053567,7.293,17048,1.348,4.240,17.067,28.000,59.300,0.429,0.367,Node5,0,0
2024-5-20 7:13:22  2024,05,20,07,13,00,121.209678,25.053567,7.293,17049,1.281,4.232,17.059,28.000,59.200,0.428,0.369,Node5,0,0
2024-5-20 7:14:18  2024,05,20,07,13,55,121.209678,25.053567,7.293,17050,1.466,4.242,17.071,28.125,59.000,0.427,0.370,Node5,0,0
2024-5-20 7:15:13  2024,05,20,07,14,50,121.209678,25.053567,7.293,17051,1.249,4.243,17.071,28.125,58.900,0.427,0.373,Node5,0,0
2024-5-20 7:16:21  2024,05,20,07,15,46,121.209678,25.053567,7.293,17052,1.856,4.242,17.070,28.125,58.800,0.428,0.375,Node5,0,0
2024-5-20 7:17:28  2024,05,20,07,17,05,121.209678,25.053567,7.293,17053,1.574,4.250,17.079,28.125,58.600,0.428,0.377,Node5,0,0
2024-5-20 7:18:6  2024,05,20,07,17,43,121.209678,25.053567,7.293,17054,1.615,4.243,17.078,28.125,58.500,0.427,0.378,Node5,0,0
2024-5-20 7:18:54  2024,05,20,07,18,32,121.209678,25.053567,7.293,17055,1.514,4.212,17.036,28.125,58.400,0.428,0.380,Node5,0,0
2024-5-20 7:19:54  2024,05,20,07,19,27,121.209678,25.053567,7.293,17056,1.184,4.203,17.028,28.250,58.400,0.428,0.382,Node5,0,0
2024-5-20 7:20:47  2024,05,20,07,20,22,121.209678,25.053567,7.293,17057,1.269,4.138,16.780,28.250,58.200,0.429,0.384,Node5,0,0
2024-5-20 7:21:40  2024,05,20,07,21,17,121.209678,25.053567,7.293,17058,1.752,4.100,16.566,28.250,58.200,0.429,0.385,Node5,0,0
2024-5-20 7:22:35  2024,05,20,07,22,13,121.209678,25.053567,7.293,17059,0.947,4.054,16.463,28.250,58.000,0.428,0.387,Node5,0,0
2024-5-20 7:23:31  2024,05,20,07,23,08,121.209678,25.053567,7.293,17060,1.343,3.992,16.397,28.250,57.900,0.428,0.388,Node5,0,0
2024-5-20 7:24:26  2024,05,20,07,24,03,121.209678,25.053567,7.293,17061,1.196,3.980,16.385,28.250,57.900,0.428,0.390,Node5,0,0
2024-5-20 7:25:21  2024,05,20,07,24,59,121.209678,25.053567,7.293,17062,1.565,3.982,16.387,28.250,57.900,0.427,0.391,Node5,0,0
2024-5-20 7:26:17  2024,05,20,07,25,54,121.209678,25.053567,7.293,17063,1.162,3.977,16.383,28.250,57.900,0.425,0.392,Node5,0,0
2024-5-20 7:27:12  2024,05,20,07,26,49,121.209678,25.053567,7.293,17064,1.467,3.964,16.381,28.250,57.800,0.422,0.391,Node5,0,0
2024-5-20 7:28:7  2024,05,20,07,27,44,121.209678,25.053567,7.293,17065,1.853,3.958,16.375,28.250,57.700,0.416,0.389,Node5,0,0
2024-5-20 7:29:2  2024,05,20,07,28,40,121.209678,25.053567,7.293,17066,1.614,3.901,15.507,28.375,57.600,0.408,0.386,Node5,0,0
2024-5-20 7:29:58  2024,05,20,07,29,35,121.209678,25.053567,7.293,17067,1.600,3.890,15.544,28.375,57.500,0.403,0.380,Node5,0,0
2024-5-20 7:30:53  2024,05,20,07,30,30,121.209678,25.053567,7.293,17068,1.711,3.887,15.516,28.375,57.400,0.396,0.375,Node5,0,0
2024-5-20 7:31:48  2024,05,20,07,31,26,121.209678,25.053567,7.293,17069,1.528,3.911,15.560,28.375,57.300,0.386,0.369,Node5,0,0
2024-5-20 7:32:44  2024,05,20,07,32,21,121.209678,25.053567,7.293,17070,1.076,3.777,14.619,28.375,57.200,0.379,0.362,Node5,0,0
2024-5-20 7:33:39  2024,05,20,07,33,16,121.209678,25.053567,7.293,17071,1.320,3.680,14.355,28.375,57.200,0.375,0.354,Node5,0,0
2024-5-20 7:34:34  2024,05,20,07,34,11,121.209678,25.053567,7.293,17072,1.712,3.661,14.370,28.375,57.100,0.373,0.347,Node5,0,0
2024-5-20 7:35:30  2024,05,20,07,35,07,121.209678,25.053567,7.293,17073,1.363,3.581,14.229,28.375,57.000,0.373,0.342,Node5,0,0
2024-5-20 7:36:25  2024,05,20,07,36,02,121.209678,25.053567,7.293,17074,1.145,3.651,17.060,28.375,57.000,0.372,0.337,Node5,0,0
2024-5-20 7:37:21  2024,05,20,07,36,57,121.209678,25.053567,7.293,17075,1.669,3.655,17.109,28.375,57.000,0.371,0.333,Node5,0,0
2024-5-20 7:38:15  2024,05,20,07,37,53,121.209678,25.053567,7.293,17076,1.188,3.790,20.280,28.375,56.900,0.370,0.329,Node5,0,0
2024-5-20 7:39:11  2024,05,20,07,38,48,121.209678,25.053567,7.293,17077,1.790,3.766,20.217,28.375,56.900,0.369,0.327,Node5,0,0
2024-5-20 7:40:6  2024,05,20,07,39,43,121.209678,25.053567,7.293,17078,1.718,3.820,20.434,28.375,56.800,0.368,0.326,Node5,0,0
2024-5-20 7:40:58  2024,05,20,07,40,39,121.209678,25.053567,7.293,17079,1.492,3.776,19.662,28.375,56.800,0.368,0.326,Node5,0,0
2024-5-20 7:41:56  2024,05,20,07,41,34,121.209678,25.053567,7.293,17080,1.275,3.731,16.732,28.375,56.700,0.367,0.327,Node5,0,0
2024-5-20 7:42:52  2024,05,20,07,42,29,121.209678,25.053567,7.293,17081,1.329,3.552,14.628,28.375,56.700,0.366,0.327,Node5,0,0
2024-5-20 7:43:47  2024,05,20,07,43,24,121.209678,25.053567,7.293,17082,1.217,3.507,14.172,28.375,56.700,0.365,0.328,Node5,0,0
2024-5-20 7:44:42  2024,05,20,07,44,20,121.209678,25.053567,7.293,17083,1.271,3.454,14.851,28.375,56.700,0.364,0.328,Node5,0,0
2024-5-20 7:45:39  2024,05,20,07,45,15,121.209678,25.053567,7.293,17084,1.258,3.334,14.675,28.375,56.700,0.363,0.328,Node5,0,0
2024-5-20 7:46:30  2024,05,20,07,46,10,121.209678,25.053567,7.293,17085,1.314,3.255,13.687,28.375,56.600,0.362,0.328,Node5,0,0
2024-5-20 7:47:30  2024,05,20,07,47,06,121.209678,25.053567,7.293,17086,1.258,3.273,13.758,28.375,56.600,0.361,0.328,Node5,0,0
2024-5-20 7:48:24  2024,05,20,07,48,01,121.209678,25.053567,7.293,17087,1.351,3.230,12.851,28.375,56.600,0.360,0.329,Node5,0,0
2024-5-20 7:49:24  2024,05,20,07,48,56,121.209678,25.053567,7.293,17088,1.940,3.216,12.835,28.375,56.600,0.359,0.329,Node5,0,0
