2024-5-21 0:3:44  2024,05,21,00,03,13,121.266059,25.093865,38.027,3643,1.800,7.173,28.224,26.625,70.600,0.329,0.421,Node3,0,0
2024-5-21 0:4:22  2024,05,21,00,03,55,121.266059,25.093865,38.027,3644,1.316,7.172,27.688,26.625,70.700,0.329,0.421,Node3,0,0
2024-5-21 0:6:35  2024,05,21,00,06,08,121.266059,25.093865,38.027,3647,2.086,7.120,27.570,26.625,70.700,0.329,0.421,Node3,0,0
2024-5-21 0:9:33  2024,05,21,00,09,09,121.266059,25.093865,38.027,3651,2.072,7.663,26.442,26.625,70.800,0.329,0.420,Node3,0,0
2024-5-21 0:10:33  2024,05,21,00,10,02,121.266059,25.093865,38.027,3652,1.350,7.714,25.893,26.625,70.800,0.329,0.420,Node3,0,0
2024-5-21 0:12:44  2024,05,21,00,12,22,121.266059,25.093865,38.027,3654,1.451,7.813,26.725,26.625,70.800,0.329,0.420,Node3,0,0
2024-5-21 0:14:13  2024,05,21,00,13,47,121.266059,25.093865,38.027,3656,1.580,7.797,26.692,26.625,70.900,0.329,0.419,Node3,0,0
2024-5-21 0:15:47  2024,05,21,00,14,37,121.266059,25.093865,38.027,3657,2.091,7.837,26.985,26.625,71.000,0.329,0.419,Node3,0,0
2024-5-21 0:17:13  2024,05,21,00,16,45,121.266059,25.093865,38.027,3659,1.529,7.980,27.221,26.625,71.100,0.329,0.419,Node3,0,0
2024-5-21 0:17:50  2024,05,21,00,17,28,121.266059,25.093865,38.027,3660,2.257,7.904,27.125,26.625,71.100,0.329,0.419,Node3,0,0
2024-5-21 0:18:47  2024,05,21,00,18,18,121.266059,25.093865,38.027,3661,1.086,7.965,27.244,26.625,71.200,0.329,0.419,Node3,0,0
2024-5-21 0:20:23  2024,05,21,00,19,13,121.266059,25.093865,38.027,3662,1.841,8.031,27.593,26.625,71.200,0.329,0.418,Node3,0,0
2024-5-21 0:23:22  2024,05,21,00,22,56,121.266059,25.093865,38.027,3666,2.426,7.822,25.894,26.500,71.400,0.329,0.417,Node3,0,0
2024-5-21 0:24:18  2024,05,21,00,23,48,121.266059,25.093865,38.027,3667,1.178,7.782,25.221,26.500,71.500,0.329,0.416,Node3,0,0
2024-5-21 0:27:29  2024,05,21,00,26,55,121.266059,25.093865,38.027,3670,1.771,7.725,24.875,26.500,71.500,0.329,0.416,Node3,0,0
2024-5-21 0:28:50  2024,05,21,00,28,26,121.266059,25.093865,38.027,3672,1.939,7.756,22.443,26.500,71.600,0.329,0.415,Node3,0,0
2024-5-21 0:30:29  2024,05,21,00,29,18,121.266059,25.093865,38.027,3673,1.432,7.798,22.556,26.500,71.600,0.329,0.415,Node3,0,0
2024-5-21 0:31:0  2024,05,21,00,30,38,121.266059,25.093865,38.027,3674,1.635,7.712,17.776,26.500,71.700,0.329,0.415,Node3,0,0
2024-5-21 0:32:23  2024,05,21,00,31,16,121.266059,25.093865,38.027,3675,1.532,7.632,17.624,26.500,71.700,0.329,0.415,Node3,0,0
2024-5-21 0:32:57  2024,05,21,00,32,35,121.266059,25.093865,38.027,3676,1.272,7.642,17.643,26.500,71.700,0.329,0.415,Node3,0,0
2024-5-21 0:39:7  2024,05,21,00,38,36,121.266059,25.093865,38.027,3683,2.317,7.240,19.342,26.500,72.000,0.329,0.414,Node3,0,0
2024-5-21 0:40:27  2024,05,21,00,40,00,121.266059,25.093865,38.027,3684,1.760,7.301,19.410,26.500,72.100,0.329,0.414,Node3,0,0
2024-5-21 0:41:50  2024,05,21,00,41,26,121.266059,25.093865,38.027,3686,2.943,7.258,18.695,26.500,72.200,0.329,0.413,Node3,0,0
2024-5-21 0:47:9  2024,05,21,00,46,45,121.266059,25.093865,38.027,3692,1.501,7.610,19.422,26.500,72.400,0.329,0.413,Node3,0,0
2024-5-21 0:54:1  2024,05,21,00,53,39,121.266059,25.093865,38.027,3699,2.710,7.874,23.778,26.500,72.700,0.329,0.412,Node3,0,0
2024-5-21 0:56:14  2024,05,21,00,55,05,121.266059,25.093865,38.027,3701,2.453,8.304,25.858,26.500,72.800,0.329,0.412,Node3,0,0
2024-5-21 0:56:48  2024,05,21,00,56,25,121.266059,25.093865,38.027,3702,2.011,8.446,25.397,26.500,72.800,0.329,0.412,Node3,0,0
2024-5-21 0:57:35  2024,05,21,00,57,02,121.266059,25.093865,38.027,3703,2.426,8.521,25.493,26.500,72.800,0.329,0.412,Node3,0,0
2024-5-21 0:58:58  2024,05,21,00,57,46,121.266059,25.093865,38.027,3704,3.207,8.701,27.657,26.500,72.900,0.329,0.412,Node3,0,0
2024-5-21 1:2:0  2024,05,21,01,01,34,121.266059,25.093865,38.027,3708,2.051,9.008,28.060,26.500,73.000,0.329,0.413,Node3,0,0
2024-5-21 1:2:48  2024,05,21,01,02,21,121.266059,25.093865,38.027,3709,2.162,9.028,28.127,26.500,73.000,0.329,0.413,Node3,0,0
2024-5-21 1:4:24  2024,05,21,01,03,16,121.266059,25.093865,38.027,3710,1.141,9.154,28.588,26.500,73.000,0.329,0.413,Node3,0,0
2024-5-21 1:5:45  2024,05,21,01,05,23,121.266059,25.093865,38.027,3712,2.513,9.095,29.313,26.500,73.000,0.329,0.413,Node3,0,0
2024-5-21 1:14:8  2024,05,21,01,13,37,121.266059,25.093865,38.027,3721,2.602,9.189,28.794,26.500,73.100,0.329,0.414,Node3,0,0
2024-5-21 1:18:34  2024,05,21,01,18,08,121.266059,25.093865,38.027,3726,2.527,9.629,29.774,26.500,73.000,0.329,0.414,Node3,0,0
2024-5-21 1:19:59  2024,05,21,01,18,52,121.266059,25.093865,38.027,3727,2.441,9.674,29.896,26.500,73.100,0.329,0.414,Node3,0,0
2024-5-21 1:21:31  2024,05,21,01,21,00,121.266059,25.093865,38.027,3729,1.699,9.915,32.082,26.500,73.100,0.329,0.414,Node3,0,0
2024-5-21 1:22:9  2024,05,21,01,21,42,121.266059,25.093865,38.027,3730,1.657,9.791,31.848,26.500,73.100,0.329,0.414,Node3,0,0
2024-5-21 1:22:57  2024,05,21,01,22,33,121.266059,25.093865,38.027,3731,2.927,9.610,31.535,26.500,73.100,0.329,0.414,Node3,0,0
2024-5-21 1:23:53  2024,05,21,01,23,28,121.266059,25.093865,38.027,3732,2.255,9.639,30.864,26.500,73.100,0.329,0.414,Node3,0,0
2024-5-21 1:26:9  2024,05,21,01,25,47,121.266059,25.093865,38.027,3734,1.487,9.601,30.767,26.500,73.100,0.329,0.415,Node3,0,0
2024-5-21 1:29:1  2024,05,21,01,28,37,121.266059,25.093865,38.027,3737,1.190,9.559,29.982,26.500,73.200,0.329,0.415,Node3,0,0
2024-5-21 1:31:12  2024,05,21,01,30,50,121.266059,25.093865,38.027,3740,1.878,9.658,30.861,26.500,73.300,0.329,0.415,Node3,0,0
2024-5-21 1:32:13  2024,05,21,01,31,43,121.266059,25.093865,38.027,3741,1.829,9.679,30.641,26.500,73.200,0.329,0.415,Node3,0,0
2024-5-21 1:33:0  2024,05,21,01,32,38,121.266059,25.093865,38.027,3742,1.485,9.810,29.538,26.500,73.300,0.329,0.415,Node3,0,0
2024-5-21 1:34:4  2024,05,21,01,33,33,121.266059,25.093865,38.027,3743,0.838,9.798,29.524,26.500,73.300,0.329,0.415,Node3,0,0
2024-5-21 1:34:55  2024,05,21,01,34,28,121.266059,25.093865,38.027,3744,1.205,9.708,29.427,26.500,73.400,0.329,0.415,Node3,0,0
2024-5-21 1:36:30  2024,05,21,01,35,24,121.266059,25.093865,38.027,3745,0.806,9.702,29.433,26.500,73.400,0.329,0.415,Node3,0,0
2024-5-21 1:37:6  2024,05,21,01,36,43,121.266059,25.093865,38.027,3746,1.733,9.574,29.216,26.500,73.400,0.329,0.415,Node3,0,0
2024-5-21 1:37:47  2024,05,21,01,37,21,121.266059,25.093865,38.027,3747,1.131,9.633,29.312,26.500,73.400,0.329,0.415,Node3,0,0
2024-5-21 1:38:33  2024,05,21,01,38,09,121.266059,25.093865,38.027,3748,1.362,9.661,29.292,26.500,73.400,0.329,0.415,Node3,0,0
2024-5-21 1:39:33  2024,05,21,01,39,04,121.266059,25.093865,38.027,3749,0.687,9.462,28.297,26.500,73.500,0.329,0.415,Node3,0,0
2024-5-21 1:40:25  2024,05,21,01,39,59,121.266059,25.093865,38.027,3750,1.080,9.274,27.970,26.500,73.500,0.329,0.415,Node3,0,0
2024-5-21 1:41:24  2024,05,21,01,40,54,121.266059,25.093865,38.027,3751,1.233,9.114,27.210,26.500,73.500,0.329,0.415,Node3,0,0
2024-5-21 1:42:59  2024,05,21,01,41,49,121.266059,25.093865,38.027,3752,0.979,8.957,26.998,26.500,73.600,0.329,0.415,Node3,0,0
2024-5-21 1:43:30  2024,05,21,01,43,09,121.266059,25.093865,38.027,3753,1.410,8.815,26.745,26.500,73.600,0.329,0.415,Node3,0,0
2024-5-21 1:44:11  2024,05,21,01,43,46,121.266059,25.093865,38.027,3754,0.541,8.757,27.019,26.500,73.600,0.329,0.415,Node3,0,0
2024-5-21 1:45:6  2024,05,21,01,44,34,121.266059,25.093865,38.027,3755,0.969,8.644,24.742,26.375,73.700,0.329,0.415,Node3,0,0
2024-5-21 1:47:18  2024,05,21,01,46,54,121.266059,25.093865,38.027,3757,0.980,8.076,20.761,26.375,73.700,0.329,0.415,Node3,0,0
2024-5-21 1:47:53  2024,05,21,01,47,32,121.266059,25.093865,38.027,3758,1.048,7.927,20.553,26.375,73.700,0.329,0.415,Node3,0,0
2024-5-21 1:48:40  2024,05,21,01,48,14,121.266059,25.093865,38.027,3759,0.627,8.020,20.757,26.375,73.700,0.329,0.415,Node3,0,0
2024-5-21 1:49:42  2024,05,21,01,49,10,121.266059,25.093865,38.027,3760,0.381,7.611,20.030,26.375,73.800,0.329,0.415,Node3,0,0
2024-5-21 1:50:37  2024,05,21,01,50,05,121.266059,25.093865,38.027,3761,0.653,7.672,19.086,26.375,73.800,0.329,0.415,Node3,0,0
2024-5-21 1:52:9  2024,05,21,01,51,00,121.266059,25.093865,38.027,3762,0.928,7.494,20.036,26.375,73.900,0.329,0.415,Node3,0,0
2024-5-21 1:53:34  2024,05,21,01,53,07,121.266059,25.093865,38.027,3764,1.654,7.395,17.998,26.375,73.900,0.329,0.415,Node3,0,0
2024-5-21 1:55:2  2024,05,21,01,53,45,121.266059,25.093865,38.027,3765,1.636,7.310,17.893,26.375,74.000,0.329,0.415,Node3,0,0
2024-5-21 1:55:35  2024,05,21,01,55,10,121.266059,25.093865,38.027,3766,0.825,7.248,17.808,26.375,74.000,0.329,0.414,Node3,0,0
2024-5-21 1:56:20  2024,05,21,01,55,47,121.266059,25.093865,38.027,3767,2.008,7.330,18.216,26.375,74.000,0.329,0.414,Node3,0,0
2024-5-21 1:56:52  2024,05,21,01,56,30,121.266059,25.093865,38.027,3768,1.555,7.157,17.924,26.375,74.100,0.329,0.414,Node3,0,0
2024-5-21 1:58:42  2024,05,21,01,57,25,121.266059,25.093865,38.027,3769,2.769,7.166,18.124,26.375,74.100,0.329,0.414,Node3,0,0
2024-5-21 1:59:13  2024,05,21,01,58,50,121.266059,25.093865,38.027,3770,1.783,7.191,20.132,26.375,74.100,0.329,0.414,Node3,0,0
2024-5-21 1:59:50  2024,05,21,01,59,27,121.266059,25.093865,38.027,3771,1.772,7.079,19.665,26.375,74.200,0.329,0.414,Node3,0,0
2024-5-21 2:1:22  2024,05,21,02,00,10,121.266059,25.093865,38.027,3772,1.761,7.075,19.678,26.375,74.200,0.329,0.413,Node3,0,0
2024-5-21 2:1:58  2024,05,21,02,01,35,121.266059,25.093865,38.027,3773,2.549,7.273,20.184,26.375,74.200,0.329,0.413,Node3,0,0
2024-5-21 2:2:37  2024,05,21,02,02,13,121.266059,25.093865,38.027,3774,1.724,7.235,19.835,26.375,74.300,0.329,0.413,Node3,0,0
2024-5-21 2:4:9  2024,05,21,02,02,56,121.266059,25.093865,38.027,3775,1.802,7.244,19.858,26.375,74.300,0.329,0.413,Node3,0,0
2024-5-21 2:6:17  2024,05,21,02,05,55,121.266059,25.093865,38.027,3778,1.464,7.164,19.703,26.375,74.300,0.329,0.413,Node3,0,0
2024-5-21 2:8:23  2024,05,21,02,08,01,121.266059,25.093865,38.027,3780,1.908,7.354,20.822,26.375,74.400,0.329,0.413,Node3,0,0
2024-5-21 2:9:49  2024,05,21,02,09,26,121.266059,25.093865,38.027,3782,1.489,7.264,19.533,26.375,74.500,0.329,0.413,Node3,0,0
2024-5-21 2:10:43  2024,05,21,02,10,16,121.266059,25.093865,38.027,3783,2.351,7.379,22.220,26.375,74.500,0.329,0.413,Node3,0,0
2024-5-21 2:11:33  2024,05,21,02,11,11,121.266059,25.093865,38.027,3784,2.253,7.297,22.125,26.375,74.500,0.329,0.413,Node3,0,0
2024-5-21 2:12:31  2024,05,21,02,12,06,121.266059,25.093865,38.027,3785,1.306,7.251,22.166,26.375,74.500,0.329,0.413,Node3,0,0
2024-5-21 2:13:23  2024,05,21,02,13,01,121.266059,25.093865,38.027,3786,0.949,7.168,22.156,26.375,74.600,0.329,0.413,Node3,0,0
2024-5-21 2:14:17  2024,05,21,02,13,56,121.266059,25.093865,38.027,3787,1.294,7.043,21.944,26.375,74.600,0.329,0.413,Node3,0,0
2024-5-21 2:15:13  2024,05,21,02,14,52,121.266059,25.093865,38.027,3788,1.501,7.109,22.140,26.375,74.600,0.329,0.413,Node3,0,0
2024-5-21 2:16:6  2024,05,21,02,15,47,121.266059,25.093865,38.027,3789,1.439,6.971,20.107,26.375,74.600,0.329,0.413,Node3,0,0
2024-5-21 2:17:5  2024,05,21,02,16,42,121.266059,25.093865,38.027,3790,0.467,6.969,20.104,26.375,74.600,0.329,0.413,Node3,0,0
2024-5-21 2:17:59  2024,05,21,02,17,37,121.266059,25.093865,38.027,3791,0.728,6.944,20.079,26.375,74.700,0.329,0.413,Node3,0,0
2024-5-21 2:18:53  2024,05,21,02,18,32,121.266059,25.093865,38.027,3792,1.072,6.831,19.955,26.375,74.600,0.329,0.413,Node3,0,0
2024-5-21 2:21:21  2024,05,21,02,20,52,121.266059,25.093865,38.027,3794,0.921,6.747,21.204,26.375,74.700,0.329,0.413,Node3,0,0
2024-5-21 2:22:2  2024,05,21,02,21,34,121.266059,25.093865,38.027,3795,1.348,6.736,21.408,26.375,74.700,0.329,0.413,Node3,0,0
2024-5-21 2:22:41  2024,05,21,02,22,12,121.266059,25.093865,38.027,3796,0.676,6.685,21.329,26.375,74.700,0.329,0.413,Node3,0,0
2024-5-21 2:23:37  2024,05,21,02,23,07,121.266059,25.093865,38.027,3797,1.098,6.659,21.302,26.375,74.700,0.329,0.413,Node3,0,0
2024-5-21 2:24:24  2024,05,21,02,24,02,121.266059,25.093865,38.027,3798,1.542,6.761,22.094,26.375,74.700,0.329,0.413,Node3,0,0
2024-5-21 2:25:21  2024,05,21,02,24,57,121.266059,25.093865,38.027,3799,1.287,6.666,21.723,26.375,74.700,0.329,0.413,Node3,0,0
2024-5-21 2:26:20  2024,05,21,02,25,52,121.266059,25.093865,38.027,3800,0.935,6.601,21.040,26.375,74.800,0.329,0.413,Node3,0,0
2024-5-21 2:27:14  2024,05,21,02,26,47,121.266059,25.093865,38.027,3801,0.843,6.464,20.862,26.375,74.800,0.329,0.413,Node3,0,0
2024-5-21 2:28:49  2024,05,21,02,27,42,121.266059,25.093865,38.027,3802,0.955,6.344,20.645,26.375,74.800,0.329,0.413,Node3,0,0
2024-5-21 2:30:15  2024,05,21,02,29,50,121.266059,25.093865,38.027,3804,1.332,6.370,20.686,26.375,74.900,0.329,0.413,Node3,0,0
2024-5-21 2:30:54  2024,05,21,02,30,28,121.266059,25.093865,38.027,3805,0.669,6.374,23.350,26.375,74.900,0.329,0.413,Node3,0,0
2024-5-21 2:31:48  2024,05,21,02,31,23,121.266059,25.093865,38.027,3806,0.554,6.419,25.286,26.250,74.900,0.329,0.413,Node3,0,0
2024-5-21 2:32:40  2024,05,21,02,32,18,121.266059,25.093865,38.027,3807,0.862,6.345,25.406,26.250,74.900,0.329,0.413,Node3,0,0
2024-5-21 2:34:21  2024,05,21,02,33,13,121.266059,25.093865,38.027,3808,0.859,6.359,26.008,26.250,75.000,0.329,0.413,Node3,0,0
2024-5-21 3:13:26  2024,05,21,03,13,03,121.266059,25.093865,38.027,3851,1.928,6.078,28.292,26.250,75.700,0.329,0.414,Node3,0,0
2024-5-21 3:14:50  2024,05,21,03,13,41,121.266059,25.093865,38.027,3852,1.429,6.117,28.331,26.250,75.700,0.329,0.414,Node3,0,0
2024-5-21 3:15:22  2024,05,21,03,15,00,121.266059,25.093865,38.027,3853,2.580,6.334,27.769,26.375,75.700,0.329,0.414,Node3,0,0
2024-5-21 3:16:12  2024,05,21,03,15,38,121.266059,25.093865,38.027,3854,2.133,6.522,27.948,26.375,75.700,0.329,0.414,Node3,0,0
2024-5-21 3:17:38  2024,05,21,03,16,26,121.266059,25.093865,38.027,3855,1.540,6.550,28.325,26.375,75.700,0.329,0.415,Node3,0,0
2024-5-21 3:19:1  2024,05,21,03,18,38,121.266059,25.093865,38.027,3857,1.271,6.531,28.287,26.375,75.700,0.329,0.415,Node3,0,0
2024-5-21 3:19:40  2024,05,21,03,19,16,121.266059,25.093865,38.027,3858,2.029,6.472,27.611,26.375,75.700,0.329,0.415,Node3,0,0
2024-5-21 3:21:50  2024,05,21,03,21,26,121.266059,25.093865,38.027,3860,0.931,6.687,28.195,26.375,75.700,0.329,0.415,Node3,0,0
2024-5-21 3:22:27  2024,05,21,03,22,04,121.266059,25.093865,38.027,3861,1.875,6.746,28.331,26.375,75.700,0.329,0.415,Node3,0,0
2024-5-21 3:25:21  2024,05,21,03,24,59,121.266059,25.093865,38.027,3864,2.837,7.085,28.901,26.375,75.700,0.329,0.416,Node3,0,0
2024-5-21 3:32:46  2024,05,21,03,32,20,121.266059,25.093865,38.027,3872,0.794,7.427,28.108,26.375,75.700,0.329,0.418,Node3,0,0
2024-5-21 3:33:22  2024,05,21,03,32,58,121.266059,25.093865,38.027,3873,1.792,7.307,27.317,26.375,75.700,0.329,0.418,Node3,0,0
2024-5-21 3:34:16  2024,05,21,03,33,48,121.266059,25.093865,38.027,3874,1.966,7.382,28.613,26.375,75.700,0.329,0.419,Node3,0,0
2024-5-21 3:35:6  2024,05,21,03,34,43,121.266059,25.093865,38.027,3875,2.588,7.393,31.346,26.375,75.700,0.329,0.419,Node3,0,0
2024-5-21 3:35:59  2024,05,21,03,35,38,121.266059,25.093865,38.027,3876,1.533,7.492,32.075,26.375,75.700,0.329,0.419,Node3,0,0
2024-5-21 3:36:56  2024,05,21,03,36,33,121.266059,25.093865,38.027,3877,2.226,7.534,32.122,26.375,75.700,0.329,0.419,Node3,0,0
2024-5-21 3:37:53  2024,05,21,03,37,28,121.266059,25.093865,38.027,3878,0.832,7.760,32.688,26.375,75.700,0.329,0.419,Node3,0,0
2024-5-21 3:38:50  2024,05,21,03,38,23,121.266059,25.093865,38.027,3879,2.068,7.629,32.394,26.375,75.700,0.329,0.420,Node3,0,0
2024-5-21 3:39:40  2024,05,21,03,39,18,121.266059,25.093865,38.027,3880,0.636,7.876,32.789,26.375,75.700,0.329,0.420,Node3,0,0
2024-5-21 3:42:3  2024,05,21,03,41,38,121.266059,25.093865,38.027,3882,0.983,7.646,32.432,26.375,75.700,0.329,0.421,Node3,0,0
2024-5-21 3:43:25  2024,05,21,03,43,03,121.266059,25.093865,38.027,3884,1.248,7.639,32.369,26.375,75.700,0.329,0.421,Node3,0,0
2024-5-21 3:45:4  2024,05,21,03,43,53,121.266059,25.093865,38.027,3885,1.678,7.669,32.416,26.375,75.700,0.329,0.422,Node3,0,0
2024-5-21 3:45:41  2024,05,21,03,45,18,121.266059,25.093865,38.027,3886,1.518,7.725,31.897,26.375,75.700,0.329,0.422,Node3,0,0
2024-5-21 3:46:20  2024,05,21,03,45,56,121.266059,25.093865,38.027,3887,1.058,7.763,31.897,26.375,75.700,0.329,0.422,Node3,0,0
2024-5-21 3:47:1  2024,05,21,03,46,38,121.266059,25.093865,38.027,3888,1.535,7.727,32.024,26.375,75.700,0.329,0.422,Node3,0,0
2024-5-21 3:47:55  2024,05,21,03,47,34,121.266059,25.093865,38.027,3889,1.608,7.530,31.648,26.375,75.700,0.329,0.423,Node3,0,0
2024-5-21 3:48:53  2024,05,21,03,48,29,121.266059,25.093865,38.027,3890,1.512,7.549,31.616,26.375,75.700,0.329,0.423,Node3,0,0
2024-5-21 3:49:49  2024,05,21,03,49,24,121.266059,25.093865,38.027,3891,1.812,7.619,31.721,26.375,75.700,0.329,0.423,Node3,0,0
2024-5-21 3:50:43  2024,05,21,03,50,19,121.266059,25.093865,38.027,3892,1.538,7.823,32.062,26.375,75.700,0.329,0.423,Node3,0,0
2024-5-21 3:51:45  2024,05,21,03,51,14,121.266059,25.093865,38.027,3893,1.637,7.730,31.664,26.375,75.700,0.329,0.423,Node3,0,0
2024-5-21 3:54:3  2024,05,21,03,53,34,121.266059,25.093865,38.027,3895,1.092,7.810,33.877,26.375,75.700,0.329,0.423,Node3,0,0
2024-5-21 3:54:39  2024,05,21,03,54,16,121.266059,25.093865,38.027,3896,1.116,7.644,33.940,26.375,75.700,0.329,0.423,Node3,0,0
2024-5-21 3:55:16  2024,05,21,03,54,54,121.266059,25.093865,38.027,3897,1.270,7.769,36.214,26.375,75.800,0.329,0.423,Node3,0,0
2024-5-21 3:56:13  2024,05,21,03,55,49,121.266059,25.093865,38.027,3898,1.083,7.730,33.405,26.375,75.800,0.329,0.423,Node3,0,0
2024-5-21 3:57:7  2024,05,21,03,56,44,121.266059,25.093865,38.027,3899,1.103,7.798,33.674,26.375,75.800,0.329,0.423,Node3,0,0
2024-5-21 3:58:46  2024,05,21,03,57,39,121.266059,25.093865,38.027,3900,1.958,7.810,33.704,26.375,75.800,0.329,0.423,Node3,0,0
2024-5-21 4:0:57  2024,05,21,04,00,34,121.266059,25.093865,38.027,3903,2.577,7.935,34.560,26.375,75.700,0.329,0.423,Node3,0,0
2024-5-21 4:2:26  2024,05,21,04,01,20,121.266059,25.093865,38.027,3904,2.038,7.867,34.403,26.375,75.700,0.329,0.423,Node3,0,0
2024-5-21 4:3:13  2024,05,21,04,02,39,121.266059,25.093865,38.027,3905,0.879,7.898,34.119,26.375,75.700,0.329,0.423,Node3,0,0
2024-5-21 4:3:46  2024,05,21,04,03,22,121.266059,25.093865,38.027,3906,1.003,7.891,34.272,26.375,75.700,0.329,0.423,Node3,0,0
2024-5-21 4:4:31  2024,05,21,04,04,05,121.266059,25.093865,38.027,3907,1.613,7.694,30.672,26.375,75.700,0.329,0.423,Node3,0,0
2024-5-21 4:6:7  2024,05,21,04,05,00,121.266059,25.093865,38.027,3908,1.116,7.598,28.748,26.375,75.700,0.329,0.423,Node3,0,0
2024-5-21 4:6:49  2024,05,21,04,06,20,121.266059,25.093865,38.027,3909,1.765,7.467,29.752,26.375,75.700,0.329,0.422,Node3,0,0
2024-5-21 4:8:18  2024,05,21,04,07,50,121.266059,25.093865,38.027,3911,1.938,7.505,28.709,26.375,75.700,0.329,0.422,Node3,0,0
2024-5-21 4:9:47  2024,05,21,04,08,40,121.266059,25.093865,38.027,3912,1.656,7.485,28.674,26.375,75.700,0.329,0.422,Node3,0,0
2024-5-21 4:10:31  2024,05,21,04,10,00,121.266059,25.093865,38.027,3913,1.140,7.332,28.181,26.375,75.700,0.329,0.422,Node3,0,0
2024-5-21 4:11:5  2024,05,21,04,10,42,121.266059,25.093865,38.027,3914,1.712,7.272,28.276,26.375,75.700,0.329,0.422,Node3,0,0
2024-5-21 4:12:33  2024,05,21,04,11,25,121.266059,25.093865,38.027,3915,1.351,7.349,27.876,26.375,75.700,0.329,0.422,Node3,0,0
2024-5-21 4:13:7  2024,05,21,04,12,45,121.266059,25.093865,38.027,3916,1.189,7.512,28.366,26.375,75.700,0.329,0.422,Node3,0,0
2024-5-21 4:15:9  2024,05,21,04,14,47,121.266059,25.093865,38.027,3918,1.870,7.780,28.840,26.375,75.700,0.329,0.422,Node3,0,0
2024-5-21 4:15:46  2024,05,21,04,15,24,121.266059,25.093865,38.027,3919,1.767,7.644,28.971,26.375,75.700,0.329,0.423,Node3,0,0
2024-5-21 4:16:29  2024,05,21,04,16,02,121.266059,25.093865,38.027,3920,1.388,7.892,29.635,26.375,75.700,0.329,0.423,Node3,0,0
2024-5-21 4:18:12  2024,05,21,04,16,56,121.266059,25.093865,38.027,3921,2.328,7.942,29.703,26.375,75.800,0.329,0.423,Node3,0,0
2024-5-21 4:18:50  2024,05,21,04,18,20,121.266059,25.093865,38.027,3922,2.653,8.066,30.139,26.375,75.800,0.329,0.423,Node3,0,0
2024-5-21 4:19:28  2024,05,21,04,19,03,121.266059,25.093865,38.027,3923,2.645,8.220,30.392,26.375,75.800,0.329,0.423,Node3,0,0
2024-5-21 4:21:28  2024,05,21,04,21,06,121.266059,25.093865,38.027,3925,1.147,8.372,30.536,26.375,75.800,0.329,0.423,Node3,0,0
2024-5-21 4:22:6  2024,05,21,04,21,43,121.266059,25.093865,38.027,3926,3.079,8.424,31.213,26.375,75.800,0.329,0.423,Node3,0,0
2024-5-21 4:22:53  2024,05,21,04,22,26,121.266059,25.093865,38.027,3927,1.695,8.467,31.027,26.375,75.800,0.329,0.423,Node3,0,0
2024-5-21 4:23:52  2024,05,21,04,23,21,121.266059,25.093865,38.027,3928,2.993,8.638,34.655,26.375,75.800,0.329,0.423,Node3,0,0
2024-5-21 4:24:38  2024,05,21,04,24,16,121.266059,25.093865,38.027,3929,1.778,8.955,35.237,26.375,75.800,0.329,0.423,Node3,0,0
2024-5-21 4:25:33  2024,05,21,04,25,11,121.266059,25.093865,38.027,3930,1.609,8.998,32.022,26.375,75.900,0.329,0.423,Node3,0,0
2024-5-21 4:27:19  2024,05,21,04,26,06,121.266059,25.093865,38.027,3931,2.149,9.054,32.153,26.375,75.900,0.329,0.424,Node3,0,0
2024-5-21 4:27:55  2024,05,21,04,27,31,121.266059,25.093865,38.027,3932,2.762,9.005,32.140,26.375,75.900,0.329,0.424,Node3,0,0
2024-5-21 4:28:33  2024,05,21,04,28,09,121.266059,25.093865,38.027,3933,3.252,9.157,32.332,26.375,75.900,0.330,0.424,Node3,0,0
2024-5-21 4:29:59  2024,05,21,04,28,52,121.266059,25.093865,38.027,3934,2.449,9.427,34.972,26.375,75.900,0.330,0.425,Node3,0,0
2024-5-21 4:30:33  2024,05,21,04,30,11,121.266059,25.093865,38.027,3935,1.634,9.595,32.549,26.375,75.900,0.331,0.425,Node3,0,0
2024-5-21 4:31:15  2024,05,21,04,30,49,121.266059,25.093865,38.027,3936,2.575,9.670,35.251,26.375,75.900,0.331,0.425,Node3,0,0
2024-5-21 4:32:1  2024,05,21,04,31,37,121.266059,25.093865,38.027,3937,1.303,9.731,35.330,26.375,75.900,0.331,0.426,Node3,0,0
2024-5-21 4:32:57  2024,05,21,04,32,32,121.266059,25.093865,38.027,3938,1.407,9.462,34.704,26.375,75.900,0.331,0.426,Node3,0,0
2024-5-21 4:35:14  2024,05,21,04,34,52,121.266059,25.093865,38.027,3940,1.754,9.547,34.851,26.375,75.900,0.332,0.427,Node3,0,0
2024-5-21 4:35:52  2024,05,21,04,35,29,121.266059,25.093865,38.027,3941,2.708,9.599,34.861,26.375,75.900,0.332,0.427,Node3,0,0
2024-5-21 4:36:34  2024,05,21,04,36,12,121.266059,25.093865,38.027,3942,2.418,9.893,35.408,26.375,75.900,0.332,0.427,Node3,0,0
2024-5-21 4:38:15  2024,05,21,04,37,07,121.266059,25.093865,38.027,3943,1.857,10.043,35.598,26.375,76.000,0.332,0.427,Node3,0,0
2024-5-21 4:38:51  2024,05,21,04,38,27,121.266059,25.093865,38.027,3944,2.212,10.152,35.802,26.375,76.000,0.332,0.428,Node3,0,0
2024-5-21 4:39:35  2024,05,21,04,39,05,121.266059,25.093865,38.027,3945,1.973,10.269,36.002,26.375,75.900,0.332,0.428,Node3,0,0
2024-5-21 4:40:59  2024,05,21,04,39,53,121.266059,25.093865,38.027,3946,1.313,10.293,36.040,26.375,75.900,0.333,0.428,Node3,0,0
2024-5-21 4:42:22  2024,05,21,04,42,00,121.266059,25.093865,38.027,3948,1.802,10.442,37.996,26.375,76.000,0.335,0.429,Node3,0,0
2024-5-21 4:43:1  2024,05,21,04,42,38,121.266059,25.093865,38.027,3949,3.046,10.674,38.421,26.375,76.000,0.335,0.429,Node3,0,0
2024-5-21 4:46:54  2024,05,21,04,46,32,121.266059,25.093865,38.027,3953,2.325,10.637,38.382,26.375,76.000,0.338,0.431,Node3,0,0
2024-5-21 4:48:20  2024,05,21,04,47,13,121.266059,25.093865,38.027,3954,1.250,10.637,38.488,26.375,76.000,0.339,0.432,Node3,0,0
2024-5-21 4:48:57  2024,05,21,04,48,33,121.266059,25.093865,38.027,3955,2.120,10.738,37.243,26.375,76.000,0.339,0.432,Node3,0,0
2024-5-21 4:51:1  2024,05,21,04,50,35,121.266059,25.093865,38.027,3957,2.407,10.698,38.117,26.375,76.000,0.340,0.433,Node3,0,0
2024-5-21 4:51:44  2024,05,21,04,51,12,121.266059,25.093865,38.027,3958,2.572,10.773,38.200,26.375,76.000,0.341,0.434,Node3,0,0
2024-5-21 4:52:18  2024,05,21,04,51,55,121.266059,25.093865,38.027,3959,2.232,10.793,38.144,26.375,76.000,0.341,0.434,Node3,0,0
2024-5-21 4:53:7  2024,05,21,04,52,44,121.266059,25.093865,38.027,3960,1.864,11.041,38.814,26.375,76.000,0.342,0.434,Node3,0,0
2024-5-21 4:54:2  2024,05,21,04,53,39,121.266059,25.093865,38.027,3961,2.180,11.005,38.760,26.375,76.000,0.342,0.435,Node3,0,0
2024-5-21 5:9:58  2024,05,21,05,09,36,121.266059,25.093865,38.027,3978,1.054,11.078,43.033,26.375,76.000,0.343,0.440,Node3,0,0
2024-5-21 5:21:6  2024,05,21,05,20,43,121.266059,25.093865,38.027,3990,1.585,10.257,44.509,26.500,75.800,0.343,0.442,Node3,0,0
2024-5-21 5:23:15  2024,05,21,05,22,08,121.266059,25.093865,38.027,3992,1.017,10.084,44.181,26.500,75.800,0.343,0.442,Node3,0,0
2024-5-21 5:23:51  2024,05,21,05,23,28,121.266059,25.093865,38.027,3993,2.058,10.001,45.303,26.500,75.800,0.342,0.442,Node3,0,0
2024-5-21 5:24:28  2024,05,21,05,24,06,121.266059,25.093865,38.027,3994,1.151,9.867,41.992,26.500,75.800,0.341,0.442,Node3,0,0
2024-5-21 5:25:12  2024,05,21,05,24,51,121.266059,25.093865,38.027,3995,1.699,9.796,41.310,26.500,75.800,0.341,0.442,Node3,0,0
2024-5-21 5:26:12  2024,05,21,05,25,46,121.266059,25.093865,38.027,3996,1.619,9.815,37.675,26.500,75.800,0.341,0.442,Node3,0,0
2024-5-21 5:27:49  2024,05,21,05,26,41,121.266059,25.093865,38.027,3997,2.196,9.883,39.278,26.500,75.800,0.341,0.442,Node3,0,0
2024-5-21 5:28:30  2024,05,21,05,28,01,121.266059,25.093865,38.027,3998,1.293,10.068,39.802,26.500,75.800,0.340,0.442,Node3,0,0
2024-5-21 5:29:5  2024,05,21,05,28,43,121.266059,25.093865,38.027,3999,1.951,10.008,39.665,26.500,75.800,0.340,0.442,Node3,0,0
2024-5-21 5:29:48  2024,05,21,05,29,26,121.266059,25.093865,38.027,4000,2.796,9.886,39.507,26.500,75.800,0.340,0.442,Node3,0,0
2024-5-21 5:30:43  2024,05,21,05,30,21,121.266059,25.093865,38.027,4001,1.030,10.107,41.031,26.500,75.800,0.340,0.442,Node3,0,0
2024-5-21 5:31:39  2024,05,21,05,31,16,121.266059,25.093865,38.027,4002,2.382,9.872,40.620,26.500,75.800,0.340,0.443,Node3,0,0
2024-5-21 5:33:20  2024,05,21,05,32,12,121.266059,25.093865,38.027,4003,2.360,9.836,40.787,26.500,75.800,0.340,0.443,Node3,0,0
2024-5-21 5:34:41  2024,05,21,05,34,19,121.266059,25.093865,38.027,4005,1.251,9.846,40.947,26.500,75.800,0.339,0.443,Node3,0,0
2024-5-21 5:35:23  2024,05,21,05,34,57,121.266059,25.093865,38.027,4006,2.942,9.835,41.156,26.500,75.800,0.339,0.443,Node3,0,0
2024-5-21 6:25:14  2024,05,21,06,24,50,121.266059,25.093865,38.027,4060,2.062,9.296,37.136,26.750,74.600,0.329,0.451,Node3,0,0
2024-5-21 6:25:48  2024,05,21,06,25,28,121.266059,25.093865,38.027,4061,1.093,9.037,35.546,26.750,74.500,0.329,0.451,Node3,0,0
2024-5-21 6:26:46  2024,05,21,06,26,21,121.266059,25.093865,38.027,4062,1.100,9.021,35.472,26.750,74.500,0.329,0.452,Node3,0,0
2024-5-21 6:27:48  2024,05,21,06,27,16,121.266059,25.093865,38.027,4063,1.050,8.975,35.262,26.875,74.400,0.329,0.452,Node3,0,0
2024-5-21 6:29:17  2024,05,21,06,28,11,121.266059,25.093865,38.027,4064,3.417,8.813,35.013,26.875,74.400,0.329,0.452,Node3,0,0
2024-5-21 6:29:53  2024,05,21,06,29,30,121.266059,25.093865,38.027,4065,1.593,8.984,35.128,26.875,74.400,0.329,0.453,Node3,0,0
2024-5-21 6:30:34  2024,05,21,06,30,08,121.266059,25.093865,38.027,4066,2.578,8.911,34.801,26.875,74.300,0.329,0.453,Node3,0,0
2024-5-21 6:31:29  2024,05,21,06,30,56,121.266059,25.093865,38.027,4067,0.931,8.920,34.992,26.875,74.300,0.329,0.453,Node3,0,0
2024-5-21 6:32:12  2024,05,21,06,31,51,121.266059,25.093865,38.027,4068,1.142,8.789,34.767,26.875,74.100,0.329,0.453,Node3,0,0
2024-5-21 6:33:56  2024,05,21,06,32,46,121.266059,25.093865,38.027,4069,2.250,8.749,31.952,26.875,74.000,0.329,0.453,Node3,0,0
2024-5-21 6:34:27  2024,05,21,06,34,06,121.266059,25.093865,38.027,4070,0.679,8.722,31.922,26.875,73.900,0.329,0.453,Node3,0,0
2024-5-21 6:35:10  2024,05,21,06,34,43,121.266059,25.093865,38.027,4071,1.704,8.403,30.659,26.875,74.000,0.329,0.453,Node3,0,0
2024-5-21 6:35:53  2024,05,21,06,35,31,121.266059,25.093865,38.027,4072,1.319,8.332,29.955,26.875,74.000,0.329,0.453,Node3,0,0
2024-5-21 6:38:13  2024,05,21,06,37,51,121.266059,25.093865,38.027,4074,1.259,8.155,29.531,27.000,73.700,0.329,0.454,Node3,0,0
2024-5-21 6:39:43  2024,05,21,06,39,16,121.266059,25.093865,38.027,4076,1.223,7.978,25.635,27.000,73.600,0.329,0.455,Node3,0,0
2024-5-21 7:29:23  2024,05,21,07,29,04,121.266059,25.093865,38.027,4130,3.077,8.895,31.912,27.500,69.000,0.329,0.493,Node3,0,0
2024-5-21 7:30:3  2024,05,21,07,29,41,121.266059,25.093865,38.027,4131,2.729,9.009,32.198,27.500,69.000,0.329,0.494,Node3,0,0
2024-5-21 7:31:5  2024,05,21,07,30,36,121.266059,25.093865,38.027,4132,2.416,8.991,32.147,27.500,69.000,0.329,0.494,Node3,0,0
2024-5-21 7:31:52  2024,05,21,07,31,31,121.266059,25.093865,38.027,4133,3.600,9.044,32.268,27.500,69.100,0.329,0.496,Node3,0,0
2024-5-21 7:33:36  2024,05,21,07,32,26,121.266059,25.093865,38.027,4134,3.334,9.117,32.928,27.500,69.100,0.329,0.497,Node3,0,0
2024-5-21 7:34:8  2024,05,21,07,33,45,121.266059,25.093865,38.027,4135,5.466,9.161,33.026,27.500,69.200,0.329,0.498,Node3,0,0
2024-5-21 7:36:10  2024,05,21,07,35,48,121.266059,25.093865,38.027,4137,3.180,9.451,33.450,27.500,69.300,0.329,0.502,Node3,0,0
2024-5-21 7:36:47  2024,05,21,07,36,25,121.266059,25.093865,38.027,4138,2.247,9.616,36.764,27.500,69.400,0.329,0.503,Node3,0,0
2024-5-21 7:38:11  2024,05,21,07,37,03,121.266059,25.093865,38.027,4139,2.283,9.708,37.498,27.500,69.400,0.329,0.504,Node3,0,0
2024-5-21 7:39:32  2024,05,21,07,39,10,121.266059,25.093865,38.027,4141,2.312,9.566,33.735,27.500,69.500,0.329,0.506,Node3,0,0
2024-5-21 8:44:15  2024,05,21,08,43,09,121.266059,25.093865,38.027,4211,17.380,10.126,27.456,27.125,73.700,0.338,0.574,Node3,0,0
2024-5-21 8:44:52  2024,05,21,08,44,28,121.266059,25.093865,38.027,4212,5.125,11.344,34.612,27.125,73.700,0.338,0.581,Node3,0,0
2024-5-21 8:45:27  2024,05,21,08,45,06,121.266059,25.093865,38.027,4213,5.127,11.527,34.986,27.125,73.800,0.339,0.591,Node3,0,0
2024-5-21 8:46:14  2024,05,21,08,45,51,121.266059,25.093865,38.027,4214,3.565,11.618,35.026,27.125,73.800,0.340,0.605,Node3,0,0
2024-5-21 8:47:8  2024,05,21,08,46,46,121.266059,25.093865,38.027,4215,2.778,11.882,35.472,27.125,73.800,0.340,0.615,Node3,0,0
2024-5-21 8:48:4  2024,05,21,08,47,42,121.266059,25.093865,38.027,4216,3.239,11.806,34.718,27.125,73.800,0.341,0.620,Node3,0,0
2024-5-21 8:49:1  2024,05,21,08,48,37,121.266059,25.093865,38.027,4217,3.302,11.822,34.787,27.125,73.900,0.341,0.624,Node3,0,0
2024-5-21 8:49:53  2024,05,21,08,49,32,121.266059,25.093865,38.027,4218,2.896,11.967,35.559,27.125,73.900,0.341,0.626,Node3,0,0
2024-5-21 8:50:49  2024,05,21,08,50,27,121.266059,25.093865,38.027,4219,2.872,12.083,35.770,27.125,73.900,0.341,0.628,Node3,0,0
2024-5-21 8:54:50  2024,05,21,08,54,22,121.266059,25.093865,38.027,4223,2.002,12.916,37.486,27.125,74.100,0.341,0.632,Node3,0,0
2024-5-21 8:55:28  2024,05,21,08,55,02,121.266059,25.093865,38.027,4224,3.655,12.887,37.169,27.125,74.100,0.341,0.632,Node3,0,0
2024-5-21 8:56:21  2024,05,21,08,55,57,121.266059,25.093865,38.027,4225,1.134,13.086,37.484,27.125,74.100,0.341,0.632,Node3,0,0
2024-5-21 8:57:17  2024,05,21,08,56,52,121.266059,25.093865,38.027,4226,2.425,13.077,38.036,27.125,74.100,0.341,0.632,Node3,0,0
2024-5-21 8:58:14  2024,05,21,08,57,47,121.266059,25.093865,38.027,4227,2.360,13.139,38.723,27.125,74.100,0.341,0.632,Node3,0,0
2024-5-21 8:59:8  2024,05,21,08,58,42,121.266059,25.093865,38.027,4228,1.514,13.140,39.347,27.125,74.100,0.341,0.632,Node3,0,0
2024-5-21 9:0:4  2024,05,21,08,59,37,121.266059,25.093865,38.027,4229,1.977,12.995,38.887,27.125,74.100,0.341,0.632,Node3,0,0
2024-5-21 9:0:57  2024,05,21,09,00,33,121.266059,25.093865,38.027,4230,1.722,12.948,38.836,27.125,74.100,0.341,0.631,Node3,0,0
2024-5-21 9:2:6  2024,05,21,09,01,28,121.266059,25.093865,38.027,4231,2.149,12.846,38.659,27.125,74.100,0.341,0.631,Node3,0,0
2024-5-21 9:3:11  2024,05,21,09,02,47,121.266059,25.093865,38.027,4232,2.490,12.783,38.635,27.125,74.100,0.341,0.630,Node3,0,0
2024-5-21 9:3:47  2024,05,21,09,03,25,121.266059,25.093865,38.027,4233,1.098,12.801,38.656,27.125,74.100,0.341,0.630,Node3,0,0
2024-5-21 9:5:21  2024,05,21,09,04,13,121.266059,25.093865,38.027,4234,2.001,12.837,38.782,27.250,74.100,0.341,0.630,Node3,0,0
2024-5-21 9:5:54  2024,05,21,09,05,32,121.266059,25.093865,38.027,4235,3.316,12.865,39.100,27.250,74.100,0.341,0.629,Node3,0,0
2024-5-21 9:6:31  2024,05,21,09,06,10,121.266059,25.093865,38.027,4236,2.842,12.894,36.010,27.250,74.100,0.341,0.629,Node3,0,0
2024-5-21 9:8:7  2024,05,21,09,06,58,121.266059,25.093865,38.027,4237,1.726,12.824,35.978,27.250,74.100,0.341,0.629,Node3,0,0
2024-5-21 9:8:41  2024,05,21,09,08,18,121.266059,25.093865,38.027,4238,2.151,12.742,35.878,27.250,74.000,0.341,0.628,Node3,0,0
2024-5-21 9:9:18  2024,05,21,09,08,55,121.266059,25.093865,38.027,4239,1.149,12.654,35.694,27.250,74.000,0.341,0.628,Node3,0,0
2024-5-21 9:10:10  2024,05,21,09,09,43,121.266059,25.093865,38.027,4240,2.083,12.491,35.616,27.250,73.900,0.341,0.628,Node3,0,0
2024-5-21 9:11:9  2024,05,21,09,10,38,121.266059,25.093865,38.027,4241,1.225,12.583,34.947,27.250,73.800,0.341,0.628,Node3,0,0
2024-5-21 9:26:33  2024,05,21,09,26,07,121.266149,25.093757,9.004,8,1.658,10.074,16.754,27.250,73.900,0.329,0.513,Node3,0,0
2024-5-21 9:27:7  2024,05,21,09,26,45,121.266149,25.093757,9.004,9,2.170,2.872,2.894,27.250,73.800,0.329,0.513,Node3,0,0
2024-5-21 9:27:45  2024,05,21,09,27,22,121.266149,25.093757,9.004,10,2.004,8.170,51.250,27.250,73.700,0.329,0.537,Node3,0,0
2024-5-21 9:28:27  2024,05,21,09,28,00,121.266149,25.093757,9.004,11,3.792,8.380,9.755,27.375,73.600,0.329,0.549,Node3,0,0
2024-5-21 9:29:17  2024,05,21,09,28,50,121.266149,25.093757,9.004,12,2.661,6.112,7.307,27.375,73.400,0.329,0.543,Node3,0,0
2024-5-21 9:30:51  2024,05,21,09,29,45,121.266149,25.093757,9.004,13,2.893,8.841,10.422,27.375,73.300,0.329,0.537,Node3,0,0
2024-5-21 9:31:27  2024,05,21,09,31,04,121.266149,25.093757,9.004,14,2.614,4.891,5.099,27.375,73.300,0.329,0.537,Node3,0,0
2024-5-21 9:32:49  2024,05,21,09,31,42,121.266149,25.093757,9.004,15,1.879,2.198,2.201,27.375,73.100,0.329,0.531,Node3,0,0
2024-5-21 9:34:14  2024,05,21,09,33,50,121.266149,25.093757,9.004,17,1.912,8.851,15.090,27.500,72.900,0.329,0.531,Node3,0,0
2024-5-21 9:34:51  2024,05,21,09,34,27,121.266149,25.093757,9.004,18,1.567,7.515,12.904,27.500,72.700,0.329,0.525,Node3,0,0
2024-5-21 9:35:43  2024,05,21,09,35,15,121.266149,25.093757,9.004,19,2.392,9.707,11.472,27.500,72.600,0.329,0.525,Node3,0,0
2024-5-21 9:36:36  2024,05,21,09,36,10,121.266149,25.093757,9.004,20,2.006,9.899,56.851,27.500,72.500,0.329,0.531,Node3,0,0
2024-5-21 9:37:27  2024,05,21,09,37,05,121.266149,25.093757,9.004,21,1.259,2.739,2.919,27.500,72.500,0.329,0.531,Node3,0,0
2024-5-21 9:38:22  2024,05,21,09,38,01,121.266149,25.093757,9.004,22,1.598,7.086,9.433,27.500,72.400,0.329,0.531,Node3,0,0
2024-5-21 9:39:24  2024,05,21,09,38,56,121.266149,25.093757,9.004,23,2.152,5.056,5.422,27.500,72.300,0.329,0.530,Node3,0,0
2024-5-21 9:40:14  2024,05,21,09,39,51,121.266149,25.093757,9.004,24,3.583,13.066,15.975,27.500,72.200,0.329,0.531,Node3,0,0
2024-5-21 9:41:13  2024,05,21,09,40,46,121.266149,25.093757,9.004,25,2.135,4.940,6.107,27.500,72.200,0.329,0.531,Node3,0,0
2024-5-21 9:42:4  2024,05,21,09,41,41,121.266149,25.093757,9.004,26,2.726,6.232,7.402,27.500,72.200,0.329,0.525,Node3,0,0
2024-5-21 9:43:12  2024,05,21,09,42,36,121.266149,25.093757,9.004,27,3.750,16.343,23.205,27.500,72.100,0.329,0.537,Node3,0,0
2024-5-21 9:44:23  2024,05,21,09,44,01,121.266149,25.093757,9.004,28,1.632,8.279,10.737,27.500,72.000,0.329,0.537,Node3,0,0
2024-5-21 9:44:59  2024,05,21,09,44,38,121.266149,25.093757,9.004,29,2.463,12.807,20.184,27.500,72.000,0.329,0.531,Node3,0,0
2024-5-21 9:46:34  2024,05,21,09,45,21,121.266149,25.093757,9.004,30,1.624,4.302,4.650,27.500,71.900,0.329,0.531,Node3,0,0
2024-5-21 9:47:7  2024,05,21,09,46,46,121.266149,25.093757,9.004,31,2.610,10.155,12.670,27.500,71.900,0.329,0.531,Node3,0,0
2024-5-21 9:47:45  2024,05,21,09,47,23,121.266149,25.093757,9.004,32,1.975,3.867,4.061,27.500,72.000,0.329,0.525,Node3,0,0
2024-5-21 9:48:33  2024,05,21,09,48,06,121.266149,25.093757,9.004,33,2.631,6.921,8.229,27.500,72.000,0.329,0.525,Node3,0,0
2024-5-21 9:50:12  2024,05,21,09,49,01,121.266149,25.093757,9.004,34,1.380,1.867,1.888,27.500,71.900,0.329,0.630,Node3,0,0
2024-5-21 9:50:48  2024,05,21,09,50,26,121.266149,25.093757,9.004,35,2.457,8.613,13.781,27.500,71.900,0.329,0.756,Node3,0,0
2024-5-21 9:52:59  2024,05,21,09,51,51,121.266149,25.093757,9.004,37,1.741,8.049,13.299,27.375,72.100,0.329,0.591,Node3,0,0
2024-5-21 9:53:33  2024,05,21,09,53,11,121.266149,25.093757,9.004,38,1.669,2.952,3.124,27.375,72.100,0.329,0.566,Node3,0,0
2024-5-21 9:54:21  2024,05,21,09,53,49,121.266149,25.093757,9.004,39,3.539,10.995,12.696,27.375,72.100,0.329,0.543,Node3,0,0
2024-5-21 9:54:57  2024,05,21,09,54,32,121.266149,25.093757,9.004,40,1.918,14.127,36.176,27.375,72.100,0.329,0.537,Node3,0,0
2024-5-21 9:56:12  2024,05,21,09,55,27,121.266149,25.093757,9.004,41,1.730,7.471,48.136,27.375,72.100,0.329,0.537,Node3,0,0
2024-5-21 9:58:2  2024,05,21,09,57,39,121.266149,25.093757,9.004,43,1.924,2.697,2.721,27.375,72.100,0.329,0.531,Node3,0,0
2024-5-21 9:59:28  2024,05,21,09,58,17,121.266149,25.093757,9.004,44,3.156,9.940,91.046,27.375,72.100,0.329,0.531,Node3,0,0
2024-5-21 10:0:4  2024,05,21,09,59,42,121.266149,25.093757,9.004,45,1.964,2.894,133.775,27.375,72.100,0.329,0.531,Node3,0,0
2024-5-21 10:1:30  2024,05,21,10,01,07,121.266149,25.093757,9.004,47,1.362,5.885,10.950,27.375,72.200,0.329,0.524,Node3,0,0
2024-5-21 10:2:17  2024,05,21,10,01,52,121.266149,25.093757,9.004,48,1.646,12.168,19.653,27.375,72.200,0.329,0.521,Node3,0,0
2024-5-21 10:3:13  2024,05,21,10,02,47,121.266149,25.093757,9.004,49,2.051,9.116,14.500,27.375,72.200,0.329,0.519,Node3,0,0
2024-5-21 10:4:49  2024,05,21,10,03,42,121.266149,25.093757,9.004,50,1.331,4.060,5.209,27.375,72.200,0.329,0.519,Node3,0,0
2024-5-21 10:5:26  2024,05,21,10,05,02,121.266149,25.093757,9.004,51,1.716,8.259,10.709,27.375,72.200,0.329,0.519,Node3,0,0
2024-5-21 10:6:49  2024,05,21,10,05,40,121.266149,25.093757,9.004,52,2.203,4.954,5.300,27.375,72.200,0.329,0.519,Node3,0,0
2024-5-21 10:7:34  2024,05,21,10,06,59,121.266149,25.093757,9.004,53,2.614,3.574,3.600,27.375,72.300,0.329,0.525,Node3,0,0
2024-5-21 10:8:10  2024,05,21,10,07,47,121.266149,25.093757,9.004,54,2.943,8.467,9.926,27.375,72.300,0.329,0.525,Node3,0,0
2024-5-21 10:9:39  2024,05,21,10,08,25,121.266149,25.093757,9.004,55,1.838,8.185,10.591,27.375,72.300,0.329,0.519,Node3,0,0
2024-5-21 10:11:49  2024,05,21,10,11,25,121.266149,25.093757,9.004,58,2.136,15.099,26.240,27.500,72.400,0.329,0.531,Node3,0,0
2024-5-21 10:12:33  2024,05,21,10,12,02,121.266149,25.093757,9.004,59,1.840,5.755,10.608,27.500,72.400,0.329,0.525,Node3,0,0
2024-5-21 10:13:17  2024,05,21,10,12,53,121.266149,25.093757,9.004,60,2.167,4.056,4.249,27.500,72.400,0.329,0.520,Node3,0,0
2024-5-21 10:14:12  2024,05,21,10,13,48,121.266149,25.093757,9.004,61,3.241,7.743,19.073,27.500,72.300,0.333,0.581,Node3,0,0
2024-5-21 10:15:9  2024,05,21,10,14,43,121.266149,25.093757,9.004,62,2.477,7.994,19.437,27.500,72.300,0.331,0.564,Node3,0,0
2024-5-21 10:16:2  2024,05,21,10,15,38,121.266149,25.093757,9.004,63,2.802,8.090,19.567,27.500,72.300,0.330,0.552,Node3,0,0
2024-5-21 10:16:57  2024,05,21,10,16,33,121.266149,25.093757,9.004,64,1.934,8.313,21.189,27.625,72.300,0.330,0.544,Node3,0,0
2024-5-21 10:17:52  2024,05,21,10,17,29,121.266149,25.093757,9.004,65,4.209,8.124,20.131,27.625,72.200,0.329,0.539,Node3,0,0
2024-5-21 10:18:47  2024,05,21,10,18,24,121.266149,25.093757,9.004,66,3.427,8.167,18.874,27.625,72.200,0.329,0.537,Node3,0,0
2024-5-21 10:19:42  2024,05,21,10,19,19,121.266149,25.093757,9.004,67,2.605,8.281,19.010,27.625,72.000,0.329,0.537,Node3,0,0
2024-5-21 10:20:37  2024,05,21,10,20,14,121.266149,25.093757,9.004,68,1.709,8.179,18.619,27.625,71.900,0.329,0.538,Node3,0,0
2024-5-21 10:21:32  2024,05,21,10,21,09,121.266149,25.093757,9.004,69,1.862,8.171,18.665,27.750,71.800,0.329,0.538,Node3,0,0
2024-5-21 10:22:28  2024,05,21,10,22,04,121.266149,25.093757,9.004,70,2.514,8.176,20.780,27.750,71.700,0.329,0.539,Node3,0,0
2024-5-21 10:24:44  2024,05,21,10,24,23,121.266149,25.093757,9.004,72,1.631,8.158,20.146,27.750,71.400,0.329,0.538,Node3,0,0
2024-5-21 10:28:22  2024,05,21,10,28,01,121.266149,25.093757,9.004,76,4.401,8.179,22.259,27.875,71.000,0.329,0.539,Node3,0,0
2024-5-21 10:29:0  2024,05,21,10,28,38,121.266149,25.093757,9.004,77,3.368,8.207,22.279,27.875,70.900,0.329,0.539,Node3,0,0
2024-5-21 10:30:32  2024,05,21,10,29,24,121.266149,25.093757,9.004,78,3.131,8.178,22.167,27.875,70.800,0.329,0.539,Node3,0,0
2024-5-21 10:31:55  2024,05,21,10,31,32,121.266149,25.093757,9.004,80,1.549,8.137,22.097,28.000,70.500,0.329,0.540,Node3,0,0
2024-5-21 10:33:16  2024,05,21,10,32,10,121.266149,25.093757,9.004,81,1.788,8.047,21.861,28.000,70.200,0.329,0.540,Node3,0,0
2024-5-21 10:36:16  2024,05,21,10,35,53,121.266149,25.093757,9.004,85,2.484,7.923,21.755,28.125,69.400,0.329,0.541,Node3,0,0
2024-5-21 10:38:30  2024,05,21,10,38,09,121.266149,25.093757,9.004,87,1.798,7.924,22.340,28.125,69.200,0.329,0.542,Node3,0,0
2024-5-21 10:39:13  2024,05,21,10,38,47,121.266149,25.093757,9.004,88,2.675,7.864,22.293,28.250,69.100,0.329,0.543,Node3,0,0
2024-5-21 10:42:9  2024,05,21,10,41,43,121.266149,25.093757,9.004,91,1.629,7.834,22.285,28.250,68.700,0.329,0.544,Node3,0,0
2024-5-21 10:43:32  2024,05,21,10,42,20,121.266149,25.093757,9.004,92,2.350,7.692,22.102,28.250,68.600,0.329,0.545,Node3,0,0
2024-5-21 10:47:19  2024,05,21,10,46,55,121.266149,25.093757,9.004,97,1.647,7.698,24.034,28.500,68.200,0.329,0.541,Node3,0,0
2024-5-21 10:49:0  2024,05,21,10,47,46,121.266149,25.093757,9.004,98,2.483,7.650,23.918,28.500,68.100,0.329,0.541,Node3,0,0
2024-5-21 10:49:35  2024,05,21,10,49,11,121.266149,25.093757,9.004,99,2.052,7.689,23.972,28.500,68.000,0.329,0.541,Node3,0,0
2024-5-21 10:50:10  2024,05,21,10,49,48,121.266149,25.093757,9.004,100,1.620,7.591,23.863,28.500,67.800,0.329,0.542,Node3,0,0
2024-5-21 10:50:53  2024,05,21,10,50,31,121.266149,25.093757,9.004,101,3.240,7.387,23.292,28.500,67.700,0.329,0.543,Node3,0,0
2024-5-21 10:52:33  2024,05,21,10,51,26,121.266149,25.093757,9.004,102,1.392,7.475,23.334,28.625,67.600,0.329,0.544,Node3,0,0
2024-5-21 10:53:7  2024,05,21,10,52,46,121.266149,25.093757,9.004,103,1.874,7.283,22.971,28.625,67.600,0.329,0.545,Node3,0,0
2024-5-21 10:56:44  2024,05,21,10,56,23,121.266149,25.093757,9.004,107,2.823,7.421,19.787,28.625,66.900,0.329,0.556,Node3,0,0
2024-5-21 10:58:47  2024,05,21,10,58,25,121.266149,25.093757,9.004,109,2.676,7.427,19.714,28.750,66.600,0.329,0.561,Node3,0,0
2024-5-21 11:0:12  2024,05,21,10,59,50,121.266149,25.093757,9.004,111,2.892,7.477,20.339,28.750,66.400,0.329,0.565,Node3,0,0
2024-5-21 11:0:58  2024,05,21,11,00,37,121.266149,25.093757,9.004,112,2.519,7.586,20.584,28.750,66.400,0.329,0.567,Node3,0,0
2024-5-21 11:2:40  2024,05,21,11,01,32,121.266149,25.093757,9.004,113,3.465,7.724,20.786,28.750,66.200,0.329,0.569,Node3,0,0
2024-5-21 11:3:18  2024,05,21,11,02,52,121.266149,25.093757,9.004,114,3.609,7.837,20.924,28.750,66.100,0.329,0.571,Node3,0,0
2024-5-21 11:3:56  2024,05,21,11,03,29,121.266149,25.093757,9.004,115,3.193,7.832,20.902,28.750,65.900,0.329,0.572,Node3,0,0
2024-5-21 11:4:43  2024,05,21,11,04,17,121.266149,25.093757,9.004,116,2.569,7.844,21.488,28.750,65.800,0.329,0.574,Node3,0,0
2024-5-21 11:6:59  2024,05,21,11,06,37,121.266149,25.093757,9.004,118,3.227,7.813,24.210,28.750,65.500,0.329,0.577,Node3,0,0
2024-5-21 11:8:31  2024,05,21,11,08,02,121.266149,25.093757,9.004,120,1.897,7.840,24.023,28.625,65.500,0.329,0.580,Node3,0,0
2024-5-21 11:32:33  2024,05,21,11,32,12,121.266149,25.093757,9.004,146,1.520,9.098,25.985,28.750,64.900,0.329,0.618,Node3,0,0
2024-5-21 12:32:50  2024,05,21,12,32,28,121.266149,25.093757,9.004,212,1.604,5.088,19.733,30.000,55.400,0.310,0.799,Node3,0,0
2024-5-21 12:34:39  2024,05,21,12,33,19,121.266149,25.093757,9.004,213,0.540,5.079,19.722,30.000,55.400,0.309,0.800,Node3,0,0
2024-5-21 12:35:6  2024,05,21,12,34,44,121.266149,25.093757,9.004,214,1.440,4.945,19.339,30.000,55.400,0.308,0.801,Node3,0,0
2024-5-21 12:35:43  2024,05,21,12,35,22,121.266149,25.093757,9.004,215,0.439,4.927,19.768,30.000,55.300,0.307,0.800,Node3,0,0
2024-5-21 12:37:11  2024,05,21,12,36,05,121.266149,25.093757,9.004,216,0.740,4.844,19.665,30.000,55.200,0.306,0.796,Node3,0,0
2024-5-21 12:37:45  2024,05,21,12,37,24,121.266149,25.093757,9.004,217,1.341,4.782,19.759,30.000,55.200,0.305,0.791,Node3,0,0
2024-5-21 12:38:37  2024,05,21,12,38,02,121.266149,25.093757,9.004,218,2.728,4.675,19.616,30.000,55.100,0.304,0.787,Node3,0,0
2024-5-21 12:39:42  2024,05,21,12,39,21,121.266149,25.093757,9.004,219,0.929,4.773,19.738,30.000,55.100,0.303,0.785,Node3,0,0
2024-5-21 12:40:20  2024,05,21,12,39,59,121.266149,25.093757,9.004,220,0.793,4.614,19.473,30.000,55.000,0.302,0.780,Node3,0,0
2024-5-21 13:39:2  2024,05,21,13,38,42,121.266149,25.093757,9.004,284,1.478,8.360,31.654,30.125,52.600,0.292,0.879,Node3,0,0
2024-5-21 14:42:33  2024,05,21,14,42,01,121.266149,25.093757,9.004,353,3.866,11.251,22.569,29.000,59.100,0.293,1.417,Node3,0,0
2024-5-21 17:7:59  2024,05,21,17,06,53,121.266149,25.093757,9.004,511,2.231,13.535,50.348,27.625,66.100,0.320,0.760,Node3,0,0
2024-5-21 17:10:8  2024,05,21,17,09,47,121.266149,25.093757,9.004,514,2.230,12.809,37.365,27.500,66.500,0.320,0.719,Node3,0,0
2024-5-21 17:16:15  2024,05,21,17,15,42,121.266149,25.093757,9.004,520,1.334,12.783,38.157,27.500,67.100,0.320,0.621,Node3,0,0
2024-5-21 17:18:41  2024,05,21,17,18,05,121.266149,25.093757,9.004,523,1.252,12.950,39.441,27.375,67.300,0.321,0.609,Node3,0,0
2024-5-21 17:20:13  2024,05,21,17,18,53,121.266149,25.093757,9.004,524,2.462,12.999,39.575,27.375,67.400,0.321,0.607,Node3,0,0
2024-5-21 17:22:17  2024,05,21,17,21,53,121.266149,25.093757,9.004,527,1.295,13.108,41.698,27.375,67.600,0.321,0.600,Node3,0,0
2024-5-21 17:23:2  2024,05,21,17,22,31,121.266149,25.093757,9.004,528,1.789,12.942,40.823,27.375,67.800,0.321,0.598,Node3,0,0
2024-5-21 17:24:34  2024,05,21,17,23,22,121.266149,25.093757,9.004,529,2.622,12.948,40.893,27.375,67.800,0.321,0.596,Node3,0,0
2024-5-21 17:25:11  2024,05,21,17,24,47,121.266149,25.093757,9.004,530,1.919,12.845,40.678,27.375,67.900,0.321,0.595,Node3,0,0
2024-5-21 18:4:24  2024,05,21,18,03,55,121.266149,25.093757,9.004,573,2.538,14.795,40.545,27.125,70.100,0.329,0.495,Node3,0,0
2024-5-21 18:5:2  2024,05,21,18,04,41,121.266149,25.093757,9.004,574,2.025,14.750,40.479,27.125,70.200,0.329,0.493,Node3,0,0
2024-5-21 18:5:57  2024,05,21,18,05,36,121.266149,25.093757,9.004,575,2.647,14.804,40.618,27.125,70.200,0.329,0.492,Node3,0,0
2024-5-21 18:6:52  2024,05,21,18,06,31,121.266149,25.093757,9.004,576,3.010,14.964,40.170,27.125,70.300,0.329,0.491,Node3,0,0
2024-5-21 18:8:40  2024,05,21,18,07,26,121.266149,25.093757,9.004,577,1.900,15.134,40.492,27.125,70.300,0.329,0.490,Node3,0,0
2024-5-21 18:9:16  2024,05,21,18,08,50,121.266149,25.093757,9.004,578,4.073,15.026,39.596,27.125,70.400,0.329,0.489,Node3,0,0
2024-5-21 18:9:52  2024,05,21,18,09,28,121.266149,25.093757,9.004,579,1.927,14.877,39.178,27.000,70.400,0.329,0.488,Node3,0,0
2024-5-21 18:10:34  2024,05,21,18,10,11,121.266149,25.093757,9.004,580,1.222,14.932,38.588,27.000,70.400,0.329,0.488,Node3,0,0
2024-5-21 18:11:31  2024,05,21,18,11,06,121.266149,25.093757,9.004,581,3.176,14.901,37.877,27.000,70.500,0.329,0.487,Node3,0,0
2024-5-21 18:12:24  2024,05,21,18,12,01,121.266149,25.093757,9.004,582,1.729,15.131,38.372,27.000,70.500,0.329,0.486,Node3,0,0
2024-5-21 18:14:3  2024,05,21,18,12,56,121.266149,25.093757,9.004,583,3.068,15.087,37.915,27.000,70.600,0.329,0.486,Node3,0,0
2024-5-21 18:14:38  2024,05,21,18,14,16,121.266149,25.093757,9.004,584,2.142,15.215,38.066,27.000,70.600,0.329,0.485,Node3,0,0
2024-5-21 18:15:22  2024,05,21,18,14,53,121.266149,25.093757,9.004,585,2.660,15.073,37.161,27.000,70.600,0.329,0.484,Node3,0,0
2024-5-21 18:20:34  2024,05,21,18,19,28,121.266149,25.093757,9.004,590,2.026,15.389,39.132,27.000,70.600,0.329,0.481,Node3,0,0
2024-5-21 18:21:11  2024,05,21,18,20,48,121.266149,25.093757,9.004,591,2.933,15.460,39.240,27.000,70.600,0.329,0.481,Node3,0,0
2024-5-21 18:22:33  2024,05,21,18,22,13,121.266149,25.093757,9.004,593,3.446,15.394,36.850,27.000,70.600,0.329,0.480,Node3,0,0
2024-5-21 18:23:29  2024,05,21,18,23,02,121.266149,25.093757,9.004,594,2.993,15.400,37.225,27.000,70.600,0.329,0.480,Node3,0,0
2024-5-21 18:25:3  2024,05,21,18,23,57,121.266149,25.093757,9.004,595,2.814,15.336,37.692,27.000,70.600,0.329,0.480,Node3,0,0
2024-5-21 18:25:39  2024,05,21,18,25,17,121.266149,25.093757,9.004,596,3.229,15.416,37.847,27.000,70.700,0.329,0.480,Node3,0,0
2024-5-21 18:26:22  2024,05,21,18,25,54,121.266149,25.093757,9.004,597,3.076,15.558,39.666,27.000,70.700,0.329,0.480,Node3,0,0
2024-5-21 18:27:8  2024,05,21,18,26,42,121.266149,25.093757,9.004,598,2.364,15.538,39.551,27.000,70.700,0.329,0.479,Node3,0,0
2024-5-21 18:27:59  2024,05,21,18,27,37,121.266149,25.093757,9.004,599,3.093,15.400,39.363,27.000,70.700,0.329,0.479,Node3,0,0
2024-5-21 18:28:53  2024,05,21,18,28,32,121.266149,25.093757,9.004,600,3.567,15.451,39.668,27.000,70.700,0.329,0.479,Node3,0,0
2024-5-21 18:29:48  2024,05,21,18,29,27,121.266149,25.093757,9.004,601,2.630,15.717,39.533,27.000,70.800,0.329,0.479,Node3,0,0
2024-5-21 18:30:44  2024,05,21,18,30,22,121.266149,25.093757,9.004,602,3.059,15.516,38.591,27.000,70.800,0.329,0.478,Node3,0,0
2024-5-21 18:31:40  2024,05,21,18,31,18,121.266149,25.093757,9.004,603,1.905,15.465,38.440,27.000,70.800,0.329,0.478,Node3,0,0
2024-5-21 18:32:34  2024,05,21,18,32,13,121.266149,25.093757,9.004,604,1.943,15.503,39.174,27.000,70.900,0.329,0.478,Node3,0,0
2024-5-21 18:34:17  2024,05,21,18,33,08,121.266149,25.093757,9.004,605,2.968,15.396,39.300,27.000,70.900,0.329,0.478,Node3,0,0
2024-5-21 18:34:48  2024,05,21,18,34,27,121.266149,25.093757,9.004,606,1.848,15.278,41.309,27.000,70.900,0.329,0.478,Node3,0,0
2024-5-21 18:35:34  2024,05,21,18,35,05,121.266149,25.093757,9.004,607,2.495,14.756,39.509,27.000,70.900,0.329,0.477,Node3,0,0
2024-5-21 18:36:17  2024,05,21,18,35,53,121.266149,25.093757,9.004,608,2.141,14.696,38.699,27.000,71.000,0.329,0.477,Node3,0,0
2024-5-21 18:38:40  2024,05,21,18,38,13,121.266149,25.093757,9.004,610,2.134,14.636,37.562,27.000,71.000,0.329,0.476,Node3,0,0
2024-5-21 18:39:13  2024,05,21,18,38,50,121.266149,25.093757,9.004,611,1.024,14.407,37.137,27.000,71.000,0.329,0.476,Node3,0,0
2024-5-21 18:40:40  2024,05,21,18,39,33,121.266149,25.093757,9.004,612,1.724,14.351,37.074,27.000,71.000,0.329,0.476,Node3,0,0
2024-5-21 18:41:17  2024,05,21,18,40,53,121.266149,25.093757,9.004,613,2.166,14.479,36.699,27.000,71.000,0.329,0.475,Node3,0,0
2024-5-21 18:41:56  2024,05,21,18,41,30,121.266149,25.093757,9.004,614,1.185,14.409,36.572,27.000,71.100,0.329,0.475,Node3,0,0
2024-5-21 18:42:39  2024,05,21,18,42,18,121.266149,25.093757,9.004,615,3.335,14.308,37.040,27.000,71.100,0.329,0.475,Node3,0,0
2024-5-21 18:43:37  2024,05,21,18,43,13,121.266149,25.093757,9.004,616,1.713,14.373,37.123,27.000,71.100,0.329,0.475,Node3,0,0
2024-5-21 18:44:31  2024,05,21,18,44,09,121.266149,25.093757,9.004,617,1.907,14.176,36.847,27.000,71.100,0.329,0.476,Node3,0,0
2024-5-21 18:46:10  2024,05,21,18,45,04,121.266149,25.093757,9.004,618,1.817,14.467,37.347,27.000,71.100,0.329,0.476,Node3,0,0
2024-5-21 18:46:44  2024,05,21,18,46,23,121.266149,25.093757,9.004,619,1.419,14.415,37.665,27.000,71.200,0.329,0.476,Node3,0,0
2024-5-21 18:52:2  2024,05,21,18,51,36,121.266149,25.093757,9.004,625,1.970,13.737,35.544,26.875,71.300,0.329,0.474,Node3,0,0
2024-5-21 18:53:30  2024,05,21,18,52,24,121.266149,25.093757,9.004,626,2.391,13.521,35.228,26.875,71.400,0.329,0.474,Node3,0,0
2024-5-21 18:54:7  2024,05,21,18,53,44,121.266149,25.093757,9.004,627,1.919,13.557,35.313,26.875,71.400,0.329,0.473,Node3,0,0
2024-5-21 18:54:50  2024,05,21,18,54,21,121.266149,25.093757,9.004,628,3.132,13.353,34.372,26.875,71.400,0.329,0.473,Node3,0,0
2024-5-21 18:55:31  2024,05,21,18,55,09,121.266149,25.093757,9.004,629,2.437,13.408,34.280,26.875,71.500,0.329,0.473,Node3,0,0
2024-5-21 18:57:55  2024,05,21,18,57,29,121.266149,25.093757,9.004,631,2.028,13.079,34.424,26.875,71.500,0.329,0.472,Node3,0,0
2024-5-21 18:58:28  2024,05,21,18,58,07,121.266149,25.093757,9.004,632,3.297,12.921,34.138,26.875,71.500,0.329,0.472,Node3,0,0
2024-5-21 18:59:11  2024,05,21,18,58,50,121.266149,25.093757,9.004,633,2.620,12.966,34.132,26.875,71.600,0.329,0.472,Node3,0,0
2024-5-21 19:0:6  2024,05,21,18,59,45,121.266149,25.093757,9.004,634,3.671,12.938,34.039,26.875,71.600,0.329,0.471,Node3,0,0
2024-5-21 19:1:1  2024,05,21,19,00,40,121.266149,25.093757,9.004,635,3.074,13.174,36.391,26.875,71.600,0.329,0.471,Node3,0,0
2024-5-21 19:1:58  2024,05,21,19,01,35,121.266149,25.093757,9.004,636,2.604,13.131,36.379,26.875,71.600,0.329,0.471,Node3,0,0
2024-5-21 19:3:37  2024,05,21,19,02,30,121.266149,25.093757,9.004,637,2.548,12.982,36.007,26.875,71.600,0.329,0.470,Node3,0,0
2024-5-21 19:6:33  2024,05,21,19,06,12,121.266149,25.093757,9.004,641,2.069,12.972,35.969,26.875,71.700,0.329,0.469,Node3,0,0
2024-5-21 19:7:31  2024,05,21,19,07,05,121.266149,25.093757,9.004,642,1.891,12.868,35.821,26.875,71.700,0.329,0.469,Node3,0,0
2024-5-21 19:8:22  2024,05,21,19,08,00,121.266149,25.093757,9.004,643,1.829,12.748,35.636,26.875,71.700,0.329,0.468,Node3,0,0
2024-5-21 19:9:19  2024,05,21,19,08,55,121.266149,25.093757,9.004,644,2.147,12.717,36.254,26.875,71.700,0.329,0.468,Node3,0,0
2024-5-21 19:10:14  2024,05,21,19,09,50,121.266149,25.093757,9.004,645,1.874,12.646,35.438,26.875,71.800,0.329,0.467,Node3,0,0
2024-5-21 19:11:7  2024,05,21,19,10,46,121.266149,25.093757,9.004,646,2.083,12.581,35.293,26.875,71.800,0.329,0.467,Node3,0,0
2024-5-21 19:12:48  2024,05,21,19,11,41,121.266149,25.093757,9.004,647,1.569,12.510,35.257,26.875,71.800,0.329,0.466,Node3,0,0
2024-5-21 19:13:33  2024,05,21,19,13,00,121.266149,25.093757,9.004,648,1.981,12.380,37.456,26.875,71.800,0.329,0.466,Node3,0,0
2024-5-21 19:14:7  2024,05,21,19,13,43,121.266149,25.093757,9.004,649,2.713,12.311,36.019,26.875,71.800,0.329,0.465,Node3,0,0
2024-5-21 19:14:48  2024,05,21,19,14,26,121.266149,25.093757,9.004,650,4.785,12.482,36.738,26.875,71.800,0.329,0.465,Node3,0,0
2024-5-21 19:15:46  2024,05,21,19,15,21,121.266149,25.093757,9.004,651,2.796,12.796,39.803,26.875,71.900,0.329,0.464,Node3,0,0
2024-5-21 19:16:37  2024,05,21,19,16,16,121.266149,25.093757,9.004,652,3.164,12.748,41.896,26.875,71.900,0.329,0.464,Node3,0,0
2024-5-21 19:17:36  2024,05,21,19,17,11,121.266149,25.093757,9.004,653,4.389,12.929,42.246,26.875,71.900,0.329,0.464,Node3,0,0
2024-5-21 19:18:27  2024,05,21,19,18,06,121.266149,25.093757,9.004,654,2.861,12.979,44.415,26.875,71.900,0.329,0.464,Node3,0,0
2024-5-21 19:19:26  2024,05,21,19,19,01,121.266149,25.093757,9.004,655,3.675,12.700,43.155,26.875,71.900,0.329,0.464,Node3,0,0
2024-5-21 19:21:3  2024,05,21,19,19,56,121.266149,25.093757,9.004,656,4.351,12.710,43.167,26.875,72.000,0.329,0.463,Node3,0,0
2024-5-21 20:12:57  2024,05,21,20,12,35,121.266149,25.093757,9.004,713,3.277,12.732,44.115,26.875,72.800,0.329,0.488,Node3,0,0
2024-5-21 20:13:35  2024,05,21,20,13,12,121.266149,25.093757,9.004,714,3.709,12.491,41.194,26.875,72.900,0.329,0.488,Node3,0,0
2024-5-21 20:15:1  2024,05,21,20,14,37,121.266149,25.093757,9.004,715,4.037,12.465,41.161,26.875,72.900,0.329,0.489,Node3,0,0
2024-5-21 20:15:36  2024,05,21,20,15,14,121.266149,25.093757,9.004,716,4.229,12.250,40.805,26.875,72.900,0.329,0.489,Node3,0,0
2024-5-21 20:16:29  2024,05,21,20,15,56,121.266149,25.093757,9.004,717,4.281,12.219,43.215,26.875,73.000,0.329,0.490,Node3,0,0
2024-5-21 20:17:15  2024,05,21,20,16,51,121.266149,25.093757,9.004,718,3.581,12.267,42.106,26.875,73.000,0.329,0.490,Node3,0,0
2024-5-21 20:18:11  2024,05,21,20,17,46,121.266149,25.093757,9.004,719,3.748,12.321,42.061,26.875,72.900,0.329,0.491,Node3,0,0
2024-5-21 20:19:7  2024,05,21,20,18,41,121.266149,25.093757,9.004,720,4.185,12.305,40.893,26.875,72.900,0.329,0.492,Node3,0,0
2024-5-21 20:20:0  2024,05,21,20,19,36,121.266149,25.093757,9.004,721,3.994,12.145,40.608,26.875,73.000,0.329,0.493,Node3,0,0
2024-5-21 20:20:58  2024,05,21,20,20,31,121.266149,25.093757,9.004,722,3.729,12.187,40.720,26.875,73.000,0.329,0.494,Node3,0,0
2024-5-21 20:21:50  2024,05,21,20,21,26,121.266149,25.093757,9.004,723,3.648,12.091,40.000,26.750,73.000,0.329,0.495,Node3,0,0
2024-5-21 20:22:45  2024,05,21,20,22,21,121.266149,25.093757,9.004,724,2.917,12.073,39.964,26.750,73.000,0.329,0.497,Node3,0,0
2024-5-21 20:23:40  2024,05,21,20,23,16,121.266149,25.093757,9.004,725,3.899,11.863,36.945,26.750,73.000,0.329,0.498,Node3,0,0
2024-5-21 20:24:35  2024,05,21,20,24,11,121.266149,25.093757,9.004,726,3.682,11.818,36.488,26.750,73.000,0.329,0.499,Node3,0,0
2024-5-21 20:25:30  2024,05,21,20,25,06,121.266149,25.093757,9.004,727,3.809,11.657,36.146,26.750,73.000,0.329,0.500,Node3,0,0
2024-5-21 20:26:27  2024,05,21,20,26,01,121.266149,25.093757,9.004,728,3.709,11.662,36.181,26.750,73.000,0.329,0.501,Node3,0,0
2024-5-21 20:27:21  2024,05,21,20,26,56,121.266149,25.093757,9.004,729,3.188,11.540,35.801,26.750,73.000,0.329,0.502,Node3,0,0
2024-5-21 20:28:16  2024,05,21,20,27,51,121.266149,25.093757,9.004,730,4.223,11.451,35.631,26.750,73.000,0.329,0.503,Node3,0,0
2024-5-21 20:29:57  2024,05,21,20,28,47,121.266149,25.093757,9.004,731,3.306,11.346,34.931,26.750,73.000,0.329,0.504,Node3,0,0
2024-5-21 20:30:38  2024,05,21,20,30,11,121.266149,25.093757,9.004,732,3.312,11.250,34.747,26.750,73.000,0.329,0.505,Node3,0,0
2024-5-21 20:31:11  2024,05,21,20,30,49,121.266149,25.093757,9.004,733,2.834,10.902,33.083,26.750,73.000,0.329,0.506,Node3,0,0
2024-5-21 20:31:54  2024,05,21,20,31,32,121.266149,25.093757,9.004,734,4.434,10.694,32.763,26.750,73.000,0.329,0.507,Node3,0,0
2024-5-21 20:33:33  2024,05,21,20,32,27,121.266149,25.093757,9.004,735,3.073,10.373,31.908,26.750,73.000,0.329,0.507,Node3,0,0
2024-5-21 20:34:9  2024,05,21,20,33,46,121.266149,25.093757,9.004,736,3.903,10.142,30.978,26.750,73.000,0.329,0.508,Node3,0,0
2024-5-21 20:34:45  2024,05,21,20,34,24,121.266149,25.093757,9.004,737,3.508,9.976,30.188,26.750,73.000,0.329,0.508,Node3,0,0
2024-5-21 20:36:19  2024,05,21,20,35,12,121.266149,25.093757,9.004,738,5.099,9.830,29.948,26.750,73.000,0.329,0.508,Node3,0,0
2024-5-21 20:37:3  2024,05,21,20,36,32,121.266149,25.093757,9.004,739,4.118,9.744,29.854,26.750,73.000,0.329,0.509,Node3,0,0
2024-5-21 20:37:37  2024,05,21,20,37,14,121.266149,25.093757,9.004,740,5.375,9.560,29.578,26.750,73.000,0.329,0.509,Node3,0,0
2024-5-21 20:38:22  2024,05,21,20,37,57,121.266149,25.093757,9.004,741,4.265,9.519,29.471,26.750,73.000,0.329,0.509,Node3,0,0
2024-5-21 20:39:15  2024,05,21,20,38,52,121.266149,25.093757,9.004,742,3.278,9.311,28.602,26.750,73.000,0.329,0.509,Node3,0,0
2024-5-21 20:40:10  2024,05,21,20,39,47,121.266149,25.093757,9.004,743,3.479,9.095,28.275,26.750,73.000,0.329,0.509,Node3,0,0
2024-5-21 20:41:5  2024,05,21,20,40,42,121.266149,25.093757,9.004,744,3.992,8.953,27.474,26.750,73.000,0.329,0.509,Node3,0,0
2024-5-21 20:42:0  2024,05,21,20,41,38,121.266149,25.093757,9.004,745,3.276,8.823,26.759,26.750,73.000,0.329,0.510,Node3,0,0
2024-5-21 20:43:0  2024,05,21,20,42,33,121.266149,25.093757,9.004,746,3.855,8.642,21.674,26.750,73.000,0.329,0.510,Node3,0,0
2024-5-21 20:44:35  2024,05,21,20,43,28,121.266149,25.093757,9.004,747,7.174,8.477,21.181,26.750,73.000,0.329,0.510,Node3,0,0
2024-5-21 20:45:9  2024,05,21,20,44,47,121.266149,25.093757,9.004,748,5.249,8.641,21.429,26.750,73.000,0.329,0.511,Node3,0,0
2024-5-21 20:45:50  2024,05,21,20,45,25,121.266149,25.093757,9.004,749,4.768,8.721,21.150,26.750,73.100,0.329,0.512,Node3,0,0
2024-5-21 20:46:35  2024,05,21,20,46,13,121.266149,25.093757,9.004,750,4.162,8.574,20.827,26.750,73.100,0.329,0.512,Node3,0,0
2024-5-21 20:47:30  2024,05,21,20,47,08,121.266149,25.093757,9.004,751,2.544,8.621,21.047,26.750,73.000,0.329,0.513,Node3,0,0
2024-5-21 20:48:25  2024,05,21,20,48,03,121.266149,25.093757,9.004,752,3.519,8.594,21.019,26.750,73.000,0.329,0.514,Node3,0,0
2024-5-21 20:49:22  2024,05,21,20,48,58,121.266149,25.093757,9.004,753,3.232,8.298,19.959,26.750,73.000,0.329,0.514,Node3,0,0
2024-5-21 20:50:20  2024,05,21,20,49,53,121.266149,25.093757,9.004,754,3.721,8.179,20.243,26.750,72.900,0.329,0.515,Node3,0,0
2024-5-21 20:51:10  2024,05,21,20,50,48,121.266149,25.093757,9.004,755,3.649,8.036,20.008,26.750,72.900,0.329,0.515,Node3,0,0
2024-5-21 20:52:5  2024,05,21,20,51,43,121.266149,25.093757,9.004,756,3.440,7.910,19.256,26.750,72.900,0.329,0.516,Node3,0,0
2024-5-21 20:53:0  2024,05,21,20,52,38,121.266149,25.093757,9.004,757,3.784,7.716,17.790,26.750,72.900,0.329,0.516,Node3,0,0
2024-5-21 20:53:55  2024,05,21,20,53,33,121.266149,25.093757,9.004,758,3.339,7.580,17.561,26.750,72.800,0.329,0.517,Node3,0,0
2024-5-21 20:55:35  2024,05,21,20,54,29,121.266149,25.093757,9.004,759,3.418,7.494,17.399,26.750,72.800,0.329,0.517,Node3,0,0
2024-5-21 20:56:58  2024,05,21,20,56,36,121.266149,25.093757,9.004,761,3.142,7.329,16.912,26.750,72.800,0.329,0.518,Node3,0,0
2024-5-21 20:57:37  2024,05,21,20,57,14,121.266149,25.093757,9.004,762,3.692,7.210,16.757,26.750,72.700,0.329,0.519,Node3,0,0
2024-5-21 20:58:35  2024,05,21,20,58,09,121.266149,25.093757,9.004,763,3.719,7.052,16.289,26.750,72.700,0.329,0.519,Node3,0,0
2024-5-21 20:59:25  2024,05,21,20,59,04,121.266149,25.093757,9.004,764,3.086,6.988,16.152,26.875,72.700,0.329,0.520,Node3,0,0
2024-5-21 21:0:20  2024,05,21,20,59,59,121.266149,25.093757,9.004,765,3.738,6.875,16.004,26.750,72.700,0.329,0.520,Node3,0,0
2024-5-21 21:1:20  2024,05,21,21,00,54,121.266149,25.093757,9.004,766,3.879,6.751,15.789,26.750,72.700,0.329,0.521,Node3,0,0
2024-5-21 21:2:10  2024,05,21,21,01,49,121.266149,25.093757,9.004,767,3.309,6.673,15.117,26.750,72.600,0.329,0.521,Node3,0,0
2024-5-21 21:3:6  2024,05,21,21,02,44,121.266149,25.093757,9.004,768,3.600,6.663,15.172,26.750,72.600,0.329,0.522,Node3,0,0
2024-5-21 21:5:25  2024,05,21,21,05,04,121.266149,25.093757,9.004,770,3.041,6.507,13.858,26.750,72.600,0.329,0.523,Node3,0,0
2024-5-21 21:6:7  2024,05,21,21,05,42,121.266149,25.093757,9.004,771,4.006,6.459,13.791,26.750,72.600,0.329,0.523,Node3,0,0
2024-5-21 21:6:49  2024,05,21,21,06,24,121.266149,25.093757,9.004,772,2.939,6.509,13.869,26.750,72.500,0.329,0.523,Node3,0,0
2024-5-21 21:7:40  2024,05,21,21,07,19,121.266149,25.093757,9.004,773,4.124,6.430,13.772,26.750,72.500,0.329,0.524,Node3,0,0
2024-5-21 21:8:37  2024,05,21,21,08,15,121.266149,25.093757,9.004,774,3.459,6.364,13.483,26.750,72.500,0.329,0.524,Node3,0,0
2024-5-21 21:9:31  2024,05,21,21,09,10,121.266149,25.093757,9.004,775,4.124,6.385,13.570,26.750,72.500,0.329,0.525,Node3,0,0
2024-5-21 21:10:26  2024,05,21,21,10,05,121.266149,25.093757,9.004,776,3.001,6.402,13.590,26.875,72.400,0.329,0.525,Node3,0,0
2024-5-21 21:11:25  2024,05,21,21,11,00,121.266149,25.093757,9.004,777,2.952,6.357,11.098,26.875,72.400,0.329,0.526,Node3,0,0
2024-5-21 21:12:19  2024,05,21,21,11,55,121.266149,25.093757,9.004,778,3.983,6.284,11.019,26.875,72.400,0.329,0.526,Node3,0,0
2024-5-21 21:13:54  2024,05,21,21,12,50,121.266149,25.093757,9.004,779,3.674,6.222,10.825,26.875,72.300,0.329,0.526,Node3,0,0
2024-5-21 21:14:25  2024,05,21,21,14,04,121.266149,25.093757,9.004,780,3.457,6.233,10.837,26.875,72.300,0.329,0.526,Node3,0,0
2024-5-21 21:15:3  2024,05,21,21,14,42,121.266149,25.093757,9.004,781,3.317,6.240,10.847,26.875,72.300,0.329,0.526,Node3,0,0
2024-5-21 21:15:58  2024,05,21,21,15,35,121.266149,25.093757,9.004,782,3.769,6.144,10.672,26.875,72.200,0.329,0.526,Node3,0,0
2024-5-21 21:17:36  2024,05,21,21,16,30,121.266149,25.093757,9.004,783,3.139,6.113,10.625,26.875,72.200,0.329,0.526,Node3,0,0
2024-5-21 21:18:11  2024,05,21,21,17,50,121.266149,25.093757,9.004,784,3.684,6.136,10.663,26.875,72.100,0.329,0.526,Node3,0,0
2024-5-21 21:18:49  2024,05,21,21,18,27,121.266149,25.093757,9.004,785,4.096,6.152,10.679,26.875,72.100,0.329,0.525,Node3,0,0
2024-5-21 21:19:37  2024,05,21,21,19,15,121.266149,25.093757,9.004,786,3.348,6.089,10.551,26.875,72.100,0.329,0.525,Node3,0,0
2024-5-21 21:20:35  2024,05,21,21,20,10,121.266149,25.093757,9.004,787,2.892,6.074,10.536,26.875,72.100,0.329,0.525,Node3,0,0
2024-5-21 21:21:31  2024,05,21,21,21,06,121.266149,25.093757,9.004,788,3.102,6.043,10.505,26.875,72.200,0.329,0.525,Node3,0,0
2024-5-21 21:22:22  2024,05,21,21,22,01,121.266149,25.093757,9.004,789,3.063,6.047,10.522,26.875,72.100,0.329,0.525,Node3,0,0
2024-5-21 21:23:18  2024,05,21,21,22,56,121.266149,25.093757,9.004,790,2.713,6.017,10.477,26.875,72.100,0.329,0.524,Node3,0,0
2024-5-21 21:24:17  2024,05,21,21,23,51,121.266149,25.093757,9.004,791,3.566,5.987,10.446,26.875,72.100,0.329,0.524,Node3,0,0
2024-5-21 21:25:7  2024,05,21,21,24,46,121.266149,25.093757,9.004,792,4.050,6.040,10.566,26.875,72.000,0.329,0.524,Node3,0,0
2024-5-21 21:26:3  2024,05,21,21,25,41,121.266149,25.093757,9.004,793,3.322,6.110,10.857,26.875,72.000,0.329,0.524,Node3,0,0
2024-5-21 21:27:42  2024,05,21,21,26,36,121.266149,25.093757,9.004,794,3.193,6.156,10.918,26.875,72.000,0.329,0.523,Node3,0,0
2024-5-21 21:28:16  2024,05,21,21,27,56,121.266149,25.093757,9.004,795,4.730,6.194,10.988,26.875,72.000,0.329,0.523,Node3,0,0
2024-5-21 21:30:19  2024,05,21,21,29,58,121.266149,25.093757,9.004,797,3.575,6.284,11.650,26.875,72.000,0.329,0.523,Node3,0,0
2024-5-21 21:30:57  2024,05,21,21,30,35,121.266149,25.093757,9.004,798,2.863,6.283,11.649,26.875,72.000,0.329,0.523,Node3,0,0
2024-5-21 21:32:24  2024,05,21,21,31,13,121.266149,25.093757,9.004,799,3.215,6.190,11.539,26.875,71.900,0.329,0.523,Node3,0,0
2024-5-21 21:33:13  2024,05,21,21,32,38,121.266149,25.093757,9.004,800,3.486,6.227,11.645,26.875,71.900,0.329,0.522,Node3,0,0
2024-5-21 21:33:47  2024,05,21,21,33,26,121.266149,25.093757,9.004,801,3.549,6.120,12.593,26.875,71.900,0.329,0.522,Node3,0,0
2024-5-21 21:34:26  2024,05,21,21,34,03,121.266149,25.093757,9.004,802,4.303,6.046,12.498,26.875,71.900,0.329,0.522,Node3,0,0
2024-5-21 21:36:0  2024,05,21,21,34,52,121.266149,25.093757,9.004,803,4.087,6.045,12.484,26.875,71.800,0.329,0.522,Node3,0,0
2024-5-21 21:36:35  2024,05,21,21,36,11,121.266149,25.093757,9.004,804,2.749,6.028,12.451,26.875,71.800,0.329,0.522,Node3,0,0
2024-5-21 21:37:10  2024,05,21,21,36,49,121.266149,25.093757,9.004,805,3.479,5.958,13.666,26.875,71.700,0.329,0.521,Node3,0,0
2024-5-21 21:38:2  2024,05,21,21,37,37,121.266149,25.093757,9.004,806,3.616,5.965,13.726,26.875,71.700,0.329,0.521,Node3,0,0
2024-5-21 21:38:54  2024,05,21,21,38,32,121.266149,25.093757,9.004,807,3.828,5.938,12.621,26.875,71.700,0.329,0.521,Node3,0,0
2024-5-21 21:40:42  2024,05,21,21,39,27,121.266149,25.093757,9.004,808,3.559,5.730,12.362,26.875,71.700,0.329,0.520,Node3,0,0
2024-5-21 22:3:8  2024,05,21,22,02,47,121.266149,25.093757,9.004,833,3.645,5.724,12.320,26.875,71.400,0.329,0.515,Node3,0,0
2024-5-21 22:3:45  2024,05,21,22,03,24,121.266149,25.093757,9.004,834,3.499,5.764,12.379,26.875,71.400,0.329,0.515,Node3,0,0
2024-5-21 22:4:35  2024,05,21,22,04,14,121.266149,25.093757,9.004,835,3.031,5.708,12.253,26.875,71.400,0.329,0.515,Node3,0,0
2024-5-21 22:5:31  2024,05,21,22,05,09,121.266149,25.093757,9.004,836,3.562,5.666,12.208,26.875,71.500,0.329,0.515,Node3,0,0
2024-5-21 22:6:37  2024,05,21,22,06,04,121.266149,25.093757,9.004,837,3.959,5.712,12.270,26.875,71.500,0.329,0.515,Node3,0,0
2024-5-21 22:7:21  2024,05,21,22,06,59,121.266149,25.093757,9.004,838,4.589,5.726,12.284,26.875,71.500,0.329,0.515,Node3,0,0
2024-5-21 22:8:15  2024,05,21,22,07,54,121.266149,25.093757,9.004,839,3.869,5.796,12.579,26.875,71.600,0.329,0.515,Node3,0,0
2024-5-21 22:9:11  2024,05,21,22,08,49,121.266149,25.093757,9.004,840,4.021,5.823,12.610,26.875,71.600,0.329,0.515,Node3,0,0
2024-5-21 22:10:5  2024,05,21,22,09,44,121.266149,25.093757,9.004,841,4.522,5.827,12.614,26.875,71.600,0.329,0.516,Node3,0,0
2024-5-21 22:11:3  2024,05,21,22,10,39,121.266149,25.093757,9.004,842,3.137,5.869,12.659,26.875,71.600,0.329,0.516,Node3,0,0
2024-5-21 22:11:57  2024,05,21,22,11,34,121.266149,25.093757,9.004,843,4.446,5.914,12.928,26.875,71.600,0.329,0.516,Node3,0,0
2024-5-21 22:12:50  2024,05,21,22,12,29,121.266149,25.093757,9.004,844,3.348,5.914,12.913,26.875,71.600,0.329,0.516,Node3,0,0
2024-5-21 22:14:35  2024,05,21,22,13,25,121.266149,25.093757,9.004,845,3.686,5.994,13.067,26.875,71.600,0.329,0.516,Node3,0,0
2024-5-21 22:17:36  2024,05,21,22,17,12,121.266149,25.093757,9.004,849,3.882,6.134,13.401,26.875,71.500,0.329,0.517,Node3,0,0
2024-5-21 22:19:10  2024,05,21,22,18,00,121.266149,25.093757,9.004,850,4.213,6.141,13.408,26.875,71.500,0.329,0.517,Node3,0,0
2024-5-21 22:19:41  2024,05,21,22,19,20,121.266149,25.093757,9.004,851,4.126,6.219,14.059,26.875,71.500,0.329,0.518,Node3,0,0
2024-5-21 22:21:46  2024,05,21,22,21,22,121.266149,25.093757,9.004,853,3.961,6.118,13.671,26.875,71.600,0.329,0.519,Node3,0,0
2024-5-21 22:22:22  2024,05,21,22,21,59,121.266149,25.093757,9.004,854,3.236,6.095,16.780,26.875,71.600,0.329,0.519,Node3,0,0
2024-5-21 22:23:7  2024,05,21,22,22,37,121.266149,25.093757,9.004,855,4.406,6.127,17.435,26.875,71.600,0.329,0.519,Node3,0,0
2024-5-21 22:24:39  2024,05,21,22,23,30,121.266149,25.093757,9.004,856,3.974,6.190,17.724,26.875,71.600,0.329,0.520,Node3,0,0
2024-5-21 22:26:0  2024,05,21,22,25,38,121.266149,25.093757,9.004,858,4.135,6.103,17.061,26.875,71.600,0.329,0.520,Node3,0,0
2024-5-21 22:26:37  2024,05,21,22,26,16,121.266149,25.093757,9.004,859,3.046,6.123,17.081,26.875,71.600,0.329,0.521,Node3,0,0
2024-5-21 22:27:32  2024,05,21,22,27,11,121.266149,25.093757,9.004,860,4.100,6.064,16.953,26.875,71.600,0.329,0.521,Node3,0,0
2024-5-21 22:29:54  2024,05,21,22,29,30,121.266149,25.093757,9.004,862,5.339,6.171,17.113,26.875,71.600,0.329,0.522,Node3,0,0
2024-5-21 22:30:31  2024,05,21,22,30,08,121.266149,25.093757,9.004,863,4.182,6.177,17.117,26.875,71.600,0.329,0.522,Node3,0,0
2024-5-21 22:31:16  2024,05,21,22,30,51,121.266149,25.093757,9.004,864,3.798,6.126,17.060,26.875,71.600,0.329,0.523,Node3,0,0
2024-5-21 22:32:7  2024,05,21,22,31,46,121.266149,25.093757,9.004,865,3.974,6.099,15.161,26.875,71.600,0.329,0.524,Node3,0,0
2024-5-21 22:33:57  2024,05,21,22,32,41,121.266149,25.093757,9.004,866,4.293,6.073,15.067,26.875,71.600,0.329,0.524,Node3,0,0
2024-5-21 22:42:15  2024,05,21,22,41,03,121.266149,25.093757,9.004,875,3.596,6.125,15.075,26.875,71.700,0.329,0.531,Node3,0,0
2024-5-21 22:42:52  2024,05,21,22,42,28,121.266149,25.093757,9.004,876,4.704,6.182,15.730,26.875,71.700,0.329,0.532,Node3,0,0
2024-5-21 22:43:26  2024,05,21,22,43,05,121.266149,25.093757,9.004,877,4.026,6.129,15.644,26.875,71.700,0.329,0.533,Node3,0,0
2024-5-21 22:44:57  2024,05,21,22,43,43,121.266149,25.093757,9.004,878,4.478,6.227,15.979,26.875,71.700,0.329,0.533,Node3,0,0
2024-5-21 22:47:10  2024,05,21,22,46,43,121.266149,25.093757,9.004,881,3.922,6.507,16.777,26.875,71.700,0.329,0.536,Node3,0,0
2024-5-21 22:47:49  2024,05,21,22,47,22,121.266149,25.093757,9.004,882,3.654,6.546,16.821,26.875,71.700,0.329,0.536,Node3,0,0
2024-5-21 22:48:38  2024,05,21,22,48,17,121.266149,25.093757,9.004,883,5.329,6.560,17.359,26.875,71.700,0.329,0.537,Node3,0,0
2024-5-21 22:50:31  2024,05,21,22,49,12,121.266149,25.093757,9.004,884,4.317,6.633,17.451,26.875,71.600,0.329,0.538,Node3,0,0
2024-5-21 22:50:56  2024,05,21,22,50,37,121.266149,25.093757,9.004,885,3.936,6.649,17.467,26.875,71.600,0.329,0.538,Node3,0,0
2024-5-21 22:52:22  2024,05,21,22,52,02,121.266149,25.093757,9.004,887,4.672,6.576,16.767,26.875,71.600,0.329,0.540,Node3,0,0
2024-5-21 22:53:14  2024,05,21,22,52,53,121.266149,25.093757,9.004,888,4.776,6.614,16.808,26.875,71.600,0.329,0.541,Node3,0,0
2024-5-21 22:54:17  2024,05,21,22,53,48,121.266149,25.093757,9.004,889,5.672,6.556,16.720,26.875,71.600,0.329,0.541,Node3,0,0
2024-5-21 22:55:9  2024,05,21,22,54,43,121.266149,25.093757,9.004,890,5.228,6.689,16.927,26.875,71.600,0.329,0.542,Node3,0,0
2024-5-21 22:56:0  2024,05,21,22,55,38,121.266149,25.093757,9.004,891,4.230,6.724,16.962,26.875,71.600,0.329,0.543,Node3,0,0
2024-5-21 22:57:43  2024,05,21,22,56,33,121.266149,25.093757,9.004,892,4.812,6.736,16.974,27.000,71.600,0.329,0.544,Node3,0,0
2024-5-21 22:58:14  2024,05,21,22,57,52,121.266149,25.093757,9.004,893,5.300,6.670,15.605,27.000,71.600,0.329,0.545,Node3,0,0
2024-5-21 23:1:4  2024,05,21,23,00,43,121.266149,25.093757,9.004,896,3.970,7.029,17.556,27.000,71.600,0.329,0.547,Node3,0,0
2024-5-21 23:1:42  2024,05,21,23,01,20,121.266149,25.093757,9.004,897,5.089,7.000,17.511,27.000,71.600,0.329,0.548,Node3,0,0
2024-5-21 23:2:26  2024,05,21,23,02,03,121.266149,25.093757,9.004,898,5.081,7.146,17.759,27.000,71.700,0.329,0.549,Node3,0,0
2024-5-21 23:3:19  2024,05,21,23,02,58,121.266149,25.093757,9.004,899,5.172,7.065,17.449,27.000,71.700,0.329,0.550,Node3,0,0
2024-5-21 23:4:21  2024,05,21,23,03,53,121.266149,25.093757,9.004,900,6.461,7.115,17.567,27.000,71.700,0.329,0.550,Node3,0,0
2024-5-21 23:5:58  2024,05,21,23,04,48,121.266149,25.093757,9.004,901,5.699,7.236,17.765,27.000,71.700,0.329,0.551,Node3,0,0
2024-5-21 23:6:29  2024,05,21,23,06,08,121.266149,25.093757,9.004,902,6.051,7.254,17.784,27.000,71.700,0.329,0.552,Node3,0,0
2024-5-21 23:10:6  2024,05,21,23,09,45,121.266149,25.093757,9.004,906,6.316,7.471,19.065,27.000,71.700,0.329,0.555,Node3,0,0
2024-5-21 23:10:46  2024,05,21,23,10,22,121.266149,25.093757,9.004,907,5.650,7.570,19.013,27.000,71.700,0.329,0.556,Node3,0,0
2024-5-21 23:12:25  2024,05,21,23,11,14,121.266149,25.093757,9.004,908,5.464,7.610,19.106,27.000,71.700,0.329,0.557,Node3,0,0
2024-5-21 23:13:6  2024,05,21,23,12,39,121.266149,25.093757,9.004,909,5.986,7.628,21.634,27.000,71.800,0.329,0.558,Node3,0,0
2024-5-21 23:13:40  2024,05,21,23,13,16,121.266149,25.093757,9.004,910,7.563,7.837,22.006,27.000,71.800,0.329,0.558,Node3,0,0
2024-5-21 23:15:12  2024,05,21,23,13,59,121.266149,25.093757,9.004,911,6.411,8.015,22.236,27.000,71.800,0.329,0.559,Node3,0,0
2024-5-21 23:15:51  2024,05,21,23,15,24,121.266149,25.093757,9.004,912,6.643,8.131,22.927,27.000,71.900,0.329,0.559,Node3,0,0
2024-5-21 23:16:24  2024,05,21,23,16,01,121.266149,25.093757,9.004,913,5.631,8.185,22.982,27.000,71.900,0.329,0.560,Node3,0,0
2024-5-21 23:18:34  2024,05,21,23,18,09,121.266149,25.093757,9.004,915,6.774,8.271,21.851,27.000,71.900,0.329,0.562,Node3,0,0
2024-5-21 23:19:8  2024,05,21,23,18,46,121.266149,25.093757,9.004,916,6.287,8.226,21.568,27.000,71.900,0.329,0.562,Node3,0,0
2024-5-21 23:19:50  2024,05,21,23,19,30,121.266149,25.093757,9.004,917,6.310,8.311,21.669,27.000,71.900,0.329,0.563,Node3,0,0
2024-5-21 23:21:31  2024,05,21,23,20,25,121.266149,25.093757,9.004,918,6.924,8.399,21.773,27.000,71.900,0.329,0.564,Node3,0,0
2024-5-21 23:22:12  2024,05,21,23,21,44,121.266149,25.093757,9.004,919,5.569,8.485,21.875,27.000,71.900,0.329,0.564,Node3,0,0
2024-5-21 23:22:42  2024,05,21,23,22,22,121.266149,25.093757,9.004,920,6.901,8.628,22.105,27.000,71.900,0.329,0.565,Node3,0,0
2024-5-21 23:23:35  2024,05,21,23,23,10,121.266149,25.093757,9.004,921,7.097,8.708,22.200,27.000,72.000,0.329,0.566,Node3,0,0
2024-5-21 23:25:11  2024,05,21,23,24,05,121.266149,25.093757,9.004,922,6.437,8.709,21.075,27.000,72.000,0.329,0.566,Node3,0,0
2024-5-21 23:25:49  2024,05,21,23,25,25,121.266149,25.093757,9.004,923,6.003,8.816,21.264,27.000,72.000,0.329,0.567,Node3,0,0
2024-5-21 23:26:22  2024,05,21,23,26,02,121.266149,25.093757,9.004,924,5.641,8.956,21.631,27.000,72.000,0.329,0.568,Node3,0,0
2024-5-21 23:27:11  2024,05,21,23,26,50,121.266149,25.093757,9.004,925,7.928,9.012,21.700,27.000,72.000,0.329,0.568,Node3,0,0
2024-5-21 23:28:53  2024,05,21,23,27,45,121.266149,25.093757,9.004,926,6.964,9.162,22.066,27.000,72.000,0.329,0.569,Node3,0,0
2024-5-21 23:29:26  2024,05,21,23,29,05,121.266149,25.093757,9.004,927,9.108,9.165,22.004,27.000,72.100,0.329,0.569,Node3,0,0
2024-5-21 23:30:5  2024,05,21,23,29,42,121.266149,25.093757,9.004,928,6.503,9.384,22.314,27.000,72.100,0.329,0.570,Node3,0,0
2024-5-21 23:30:51  2024,05,21,23,30,30,121.266149,25.093757,9.004,929,7.083,9.470,22.405,27.000,72.100,0.329,0.571,Node3,0,0
2024-5-21 23:33:14  2024,05,21,23,32,50,121.266149,25.093757,9.004,931,7.244,9.573,22.713,27.000,72.100,0.329,0.572,Node3,0,0
2024-5-21 23:34:40  2024,05,21,23,34,16,121.266149,25.093757,9.004,933,7.186,9.720,22.873,27.000,72.000,0.329,0.573,Node3,0,0
2024-5-21 23:35:32  2024,05,21,23,35,06,121.266149,25.093757,9.004,934,6.538,9.812,22.980,27.000,72.000,0.329,0.573,Node3,0,0
2024-5-21 23:36:21  2024,05,21,23,36,01,121.266149,25.093757,9.004,935,6.377,9.841,22.957,27.000,72.000,0.329,0.573,Node3,0,0
2024-5-21 23:37:24  2024,05,21,23,36,56,121.266149,25.093757,9.004,936,6.359,9.859,22.433,27.000,72.000,0.329,0.573,Node3,0,0
2024-5-21 23:38:12  2024,05,21,23,37,51,121.266149,25.093757,9.004,937,6.255,9.946,22.742,27.000,72.000,0.329,0.574,Node3,0,0
2024-5-21 23:39:7  2024,05,21,23,38,46,121.266149,25.093757,9.004,938,6.264,9.873,22.433,27.000,72.000,0.329,0.574,Node3,0,0
2024-5-21 23:40:50  2024,05,21,23,39,41,121.266149,25.093757,9.004,939,5.817,9.797,22.119,27.000,72.000,0.329,0.574,Node3,0,0
2024-5-21 23:42:11  2024,05,21,23,41,49,121.266149,25.093757,9.004,941,4.947,9.840,22.414,27.000,72.000,0.329,0.574,Node3,0,0
2024-5-21 23:42:56  2024,05,21,23,42,26,121.266149,25.093757,9.004,942,6.724,9.822,22.391,27.000,72.000,0.329,0.574,Node3,0,0
2024-5-21 23:43:53  2024,05,21,23,43,21,121.266149,25.093757,9.004,943,6.489,9.903,21.955,27.000,71.900,0.329,0.575,Node3,0,0
2024-5-21 23:46:49  2024,05,21,23,46,29,121.266149,25.093757,9.004,946,6.456,10.009,22.095,27.000,71.900,0.329,0.575,Node3,0,0
2024-5-21 23:48:15  2024,05,21,23,47,06,121.266149,25.093757,9.004,947,7.116,10.010,22.081,27.000,71.900,0.329,0.575,Node3,0,0
2024-5-21 23:48:47  2024,05,21,23,48,26,121.266149,25.093757,9.004,948,7.596,10.038,22.106,27.000,71.900,0.329,0.575,Node3,0,0
2024-5-21 23:49:25  2024,05,21,23,49,03,121.266149,25.093757,9.004,949,6.504,10.171,22.313,27.000,71.900,0.329,0.575,Node3,0,0
2024-5-21 23:50:8  2024,05,21,23,49,47,121.266149,25.093757,9.004,950,7.769,10.116,22.184,27.000,71.900,0.329,0.575,Node3,0,0
2024-5-21 23:51:8  2024,05,21,23,50,42,121.266149,25.093757,9.004,951,7.091,10.276,22.487,27.000,71.900,0.329,0.575,Node3,0,0
2024-5-21 23:52:44  2024,05,21,23,51,37,121.266149,25.093757,9.004,952,6.059,10.326,22.537,27.000,71.900,0.329,0.575,Node3,0,0
2024-5-21 23:53:20  2024,05,21,23,52,57,121.266149,25.093757,9.004,953,5.452,10.364,22.588,27.000,71.900,0.329,0.575,Node3,0,0
2024-5-21 23:53:55  2024,05,21,23,53,34,121.266149,25.093757,9.004,954,6.754,10.361,22.585,27.000,71.900,0.329,0.575,Node3,0,0
2024-5-21 23:54:48  2024,05,21,23,54,22,121.266149,25.093757,9.004,955,6.067,10.355,21.467,27.000,71.900,0.329,0.575,Node3,0,0
2024-5-21 23:55:39  2024,05,21,23,55,17,121.266149,25.093757,9.004,956,5.498,10.200,20.851,27.000,71.900,0.329,0.575,Node3,0,0
2024-5-21 23:57:20  2024,05,21,23,56,12,121.266149,25.093757,9.004,957,6.365,10.229,20.880,27.000,71.900,0.329,0.575,Node3,0,0
2024-5-21 23:57:55  2024,05,21,23,57,32,121.266149,25.093757,9.004,958,6.348,10.126,20.675,27.000,72.000,0.329,0.575,Node3,0,0
